day	hour	value
1	1	7
1	2	7
1	3	7
1	4	7
1	5	7
1	6	7
1	7	7
1	8	7
1	9	7
1	10	7
1	11	7
1	12	7
1	13	7
1	14	7
1	15	7
1	16	7
1	17	7
1	18	7
1	19	7
1	20	7
1	21	7
1	22	7
1	23	7
1	24	7
2	1	7
2	2	7
2	3	7
2	4	7
2	5	7
2	6	7
2	7	7
2	8	7
2	9	7
2	10	7
2	11	7
2	12	7
2	13	7
2	14	7
2	15	7
2	16	7
2	17	7
2	18	7
2	19	7
2	20	7
2	21	7
2	22	7
2	23	7
2	24	1
3	1	5
3	2	5
3	3	5
3	4	5
3	5	5
3	6	5
3	7	5
3	8	5
3	9	5
3	10	5
3	11	5
3	12	5
3	13	5
3	14	5
3	15	5
3	16	5
3	17	5
3	18	5
3	19	5
3	20	5
3	21	5
3	22	5
3	23	5
3	24	1
4	1	7
4	2	7
4	3	7
4	4	7
4	5	7
4	6	7
4	7	7
4	8	7
4	9	7
4	10	7
4	11	7
4	12	7
4	13	7
4	14	7
4	15	7
4	16	7
4	17	7
4	18	7
4	19	7
4	20	7
4	21	7
4	22	7
4	23	7
4	24	7
5	1	7
5	2	7
5	3	7
5	4	7
5	5	7
5	6	7
5	7	7
5	8	7
5	9	7
5	10	7
5	11	7
5	12	7
5	13	7
5	14	7
5	15	7
5	16	7
5	17	7
5	18	7
5	19	7
5	20	7
5	21	7
5	22	7
5	23	7
5	24	7
6	1	7
6	2	7
6	3	7
6	4	7
6	5	7
6	6	1
6	7	1
6	8	1
6	9	7
6	10	7
6	11	7
6	12	7
6	13	7
6	14	7
6	15	7
6	16	7
6	17	7
6	18	7
6	19	7
6	20	7
6	21	7
6	22	7
6	23	7
6	24	7
7	1	7
7	2	7
7	3	7
7	4	7
7	5	7
7	6	1
7	7	1
7	8	1
7	9	7
7	10	7
7	11	7
7	12	7
7	13	7
7	14	7
7	15	7
7	16	7
7	17	7
7	18	7
7	19	7
7	20	7
7	21	7
7	22	7
7	23	7
7	24	1
8	1	7
8	2	7
8	3	7
8	4	7
8	5	7
8	6	1
8	7	1
8	8	1
8	9	7
8	10	7
8	11	7
8	12	7
8	13	7
8	14	7
8	15	7
8	16	7
8	17	7
8	18	7
8	19	7
8	20	7
8	21	7
8	22	7
8	23	7
8	24	7
9	1	7
9	2	7
9	3	7
9	4	7
9	5	7
9	6	1
9	7	1
9	8	1
9	9	7
9	10	7
9	11	7
9	12	7
9	13	7
9	14	7
9	15	7
9	16	7
9	17	7
9	18	7
9	19	7
9	20	7
9	21	7
9	22	7
9	23	7
9	24	7
10	1	7
10	2	7
10	3	7
10	4	7
10	5	7
10	6	7
10	7	7
10	8	7
10	9	7
10	10	1
10	11	1
10	12	2
10	13	2
10	14	2
10	15	2
10	16	2
10	17	2
10	18	4
10	19	7
10	20	7
10	21	7
10	22	7
10	23	7
10	24	1
11	1	7
11	2	7
11	3	7
11	4	7
11	5	7
11	6	7
11	7	7
11	8	7
11	9	7
11	10	7
11	11	7
11	12	7
11	13	7
11	14	7
11	15	7
11	16	7
11	17	7
11	18	7
11	19	7
11	20	7
11	21	7
11	22	7
11	23	7
11	24	7
12	1	7
12	2	7
12	3	7
12	4	7
12	5	7
12	6	7
12	7	7
12	8	7
12	9	7
12	10	7
12	11	7
12	12	7
12	13	7
12	14	7
12	15	7
12	16	7
12	17	7
12	18	7
12	19	7
12	20	7
12	21	7
12	22	7
12	23	7
12	24	1
13	1	7
13	2	7
13	3	7
13	4	7
13	5	7
13	6	1
13	7	1
13	8	1
13	9	7
13	10	7
13	11	7
13	12	7
13	13	7
13	14	7
13	15	7
13	16	7
13	17	7
13	18	7
13	19	7
13	20	7
13	21	7
13	22	7
13	23	7
13	24	7
14	1	7
14	2	7
14	3	7
14	4	7
14	5	7
14	6	1
14	7	1
14	8	1
14	9	7
14	10	7
14	11	7
14	12	7
14	13	7
14	14	7
14	15	7
14	16	7
14	17	7
14	18	7
14	19	7
14	20	4
14	21	7
14	22	7
14	23	7
14	24	1
15	1	2
15	2	2
15	3	2
15	4	2
15	5	2
15	6	2
15	7	2
15	8	2
15	9	2
15	10	2
15	11	2
15	12	2
15	13	2
15	14	2
15	15	2
15	16	2
15	17	2
15	18	2
15	19	2
15	20	2
15	21	2
15	22	2
15	23	2
15	24	2
16	1	7
16	2	7
16	3	2
16	4	1
16	5	1
16	6	1
16	7	1
16	8	1
16	9	7
16	10	7
16	11	7
16	12	7
16	13	7
16	14	7
16	15	7
16	16	7
16	17	7
16	18	7
16	19	7
16	20	7
16	21	7
16	22	7
16	23	7
16	24	7
17	1	7
17	2	7
17	3	1
17	4	1
17	5	1
17	6	1
17	7	1
17	8	1
17	9	7
17	10	7
17	11	7
17	12	7
17	13	7
17	14	7
17	15	7
17	16	7
17	17	7
17	18	7
17	19	7
17	20	7
17	21	7
17	22	7
17	23	7
17	24	1
18	1	7
18	2	7
18	3	7
18	4	7
18	5	7
18	6	7
18	7	7
18	8	7
18	9	7
18	10	7
18	11	7
18	12	7
18	13	7
18	14	7
18	15	7
18	16	7
18	17	7
18	18	7
18	19	7
18	20	7
18	21	7
18	22	7
18	23	7
18	24	7
19	1	7
19	2	7
19	3	7
19	4	7
19	5	7
19	6	7
19	7	7
19	8	7
19	9	7
19	10	7
19	11	7
19	12	7
19	13	7
19	14	7
19	15	7
19	16	7
19	17	7
19	18	7
19	19	7
19	20	7
19	21	7
19	22	7
19	23	7
19	24	1
20	1	2
20	2	7
20	3	7
20	4	7
20	5	2
20	6	7
20	7	7
20	8	2
20	9	7
20	10	7
20	11	7
20	12	7
20	13	7
20	14	7
20	15	7
20	16	7
20	17	7
20	18	7
20	19	7
20	20	2
20	21	7
20	22	2
20	23	7
20	24	2
21	1	2
21	2	2
21	3	2
21	4	2
21	5	2
21	6	7
21	7	2
21	8	2
21	9	7
21	10	7
21	11	7
21	12	7
21	13	7
21	14	2
21	15	7
21	16	7
21	17	7
21	18	2
21	19	2
21	20	2
21	21	2
21	22	2
21	23	2
21	24	1
22	1	2
22	2	2
22	3	2
22	4	2
22	5	2
22	6	2
22	7	2
22	8	2
22	9	2
22	10	2
22	11	2
22	12	2
22	13	2
22	14	2
22	15	2
22	16	2
22	17	2
22	18	2
22	19	2
22	20	2
22	21	2
22	22	2
22	23	2
22	24	2
23	1	7
23	2	7
23	3	7
23	4	7
23	5	7
23	6	7
23	7	7
23	8	7
23	9	7
23	10	7
23	11	7
23	12	7
23	13	7
23	14	7
23	15	7
23	16	7
23	17	7
23	18	7
23	19	7
23	20	7
23	21	7
23	22	7
23	23	7
23	24	7
24	1	7
24	2	7
24	3	7
24	4	7
24	5	7
24	6	7
24	7	7
24	8	7
24	9	7
24	10	1
24	11	1
24	12	1
24	13	1
24	14	2
24	15	2
24	16	2
24	17	2
24	18	4
24	19	7
24	20	7
24	21	7
24	22	7
24	23	7
24	24	1
25	1	7
25	2	7
25	3	7
25	4	7
25	5	7
25	6	7
25	7	7
25	8	7
25	9	7
25	10	7
25	11	7
25	12	7
25	13	7
25	14	7
25	15	7
25	16	7
25	17	7
25	18	7
25	19	7
25	20	7
25	21	7
25	22	7
25	23	7
25	24	7
26	1	7
26	2	7
26	3	7
26	4	7
26	5	7
26	6	7
26	7	7
26	8	7
26	9	7
26	10	7
26	11	7
26	12	7
26	13	7
26	14	7
26	15	7
26	16	7
26	17	7
26	18	7
26	19	7
26	20	7
26	21	7
26	22	7
26	23	7
26	24	1
27	1	7
27	2	7
27	3	7
27	4	7
27	5	7
27	6	7
27	7	7
27	8	7
27	9	7
27	10	7
27	11	7
27	12	7
27	13	7
27	14	7
27	15	7
27	16	7
27	17	7
27	18	7
27	19	7
27	20	7
27	21	7
27	22	7
27	23	7
27	24	7
28	1	7
28	2	7
28	3	7
28	4	7
28	5	7
28	6	7
28	7	7
28	8	7
28	9	7
28	10	7
28	11	7
28	12	7
28	13	7
28	14	7
28	15	7
28	16	7
28	17	7
28	18	7
28	19	7
28	20	7
28	21	7
28	22	7
28	23	7
28	24	7
29	1	7
29	2	7
29	3	7
29	4	7
29	5	7
29	6	7
29	7	7
29	8	7
29	9	7
29	10	1
29	11	1
29	12	1
29	13	1
29	14	1
29	15	1
29	16	1
29	17	1
29	18	7
29	19	7
29	20	7
29	21	7
29	22	7
29	23	7
29	24	1
30	1	7
30	2	7
30	3	7
30	4	7
30	5	7
30	6	7
30	7	7
30	8	7
30	9	7
30	10	7
30	11	7
30	12	7
30	13	7
30	14	7
30	15	7
30	16	7
30	17	7
30	18	7
30	19	7
30	20	7
30	21	7
30	22	7
30	23	7
30	24	7
31	1	7
31	2	7
31	3	7
31	4	7
31	5	7
31	6	7
31	7	7
31	8	7
31	9	7
31	10	7
31	11	7
31	12	7
31	13	7
31	14	7
31	15	7
31	16	7
31	17	7
31	18	7
31	19	7
31	20	7
31	21	7
31	22	7
31	23	7
31	24	1
32	1	7
32	2	7
32	3	7
32	4	7
32	5	7
32	6	7
32	7	7
32	8	7
32	9	7
32	10	7
32	11	7
32	12	7
32	13	7
32	14	7
32	15	7
32	16	7
32	17	7
32	18	7
32	19	7
32	20	7
32	21	7
32	22	7
32	23	7
32	24	7
33	1	7
33	2	7
33	3	7
33	4	7
33	5	7
33	6	7
33	7	7
33	8	7
33	9	7
33	10	7
33	11	7
33	12	7
33	13	7
33	14	7
33	15	7
33	16	7
33	17	7
33	18	7
33	19	7
33	20	7
33	21	7
33	22	7
33	23	7
33	24	7
34	1	7
34	2	7
34	3	7
34	4	7
34	5	7
34	6	7
34	7	7
34	8	7
34	9	7
34	10	7
34	11	7
34	12	7
34	13	7
34	14	7
34	15	7
34	16	7
34	17	7
34	18	7
34	19	7
34	20	7
34	21	7
34	22	7
34	23	7
34	24	1
35	1	1
35	2	1
35	3	1
35	4	1
35	5	1
35	6	1
35	7	1
35	8	1
35	9	1
35	10	1
35	11	1
35	12	1
35	13	1
35	14	1
35	15	1
35	16	1
35	17	1
35	18	1
35	19	1
35	20	1
35	21	1
35	22	1
35	23	1
35	24	1
36	1	7
36	2	7
36	3	7
36	4	7
36	5	7
36	6	7
36	7	7
36	8	7
36	9	7
36	10	7
36	11	7
36	12	7
36	13	7
36	14	7
36	15	7
36	16	7
36	17	7
36	18	7
36	19	7
36	20	7
36	21	7
36	22	7
36	23	5
36	24	7
37	1	7
37	2	7
37	3	7
37	4	7
37	5	7
37	6	7
37	7	7
37	8	7
37	9	7
37	10	7
37	11	7
37	12	7
37	13	7
37	14	7
37	15	7
37	16	7
37	17	7
37	18	7
37	19	7
37	20	7
37	21	7
37	22	7
37	23	5
37	24	1
38	1	7
38	2	7
38	3	7
38	4	7
38	5	7
38	6	7
38	7	7
38	8	7
38	9	7
38	10	7
38	11	7
38	12	7
38	13	7
38	14	7
38	15	7
38	16	7
38	17	7
38	18	7
38	19	7
38	20	7
38	21	7
38	22	7
38	23	7
38	24	7
39	1	7
39	2	7
39	3	7
39	4	7
39	5	7
39	6	7
39	7	7
39	8	7
39	9	7
39	10	7
39	11	7
39	12	7
39	13	7
39	14	7
39	15	7
39	16	7
39	17	7
39	18	7
39	19	7
39	20	7
39	21	7
39	22	7
39	23	7
39	24	7
40	1	7
40	2	7
40	3	7
40	4	7
40	5	7
40	6	7
40	7	7
40	8	7
40	9	7
40	10	7
40	11	7
40	12	7
40	13	7
40	14	7
40	15	7
40	16	7
40	17	7
40	18	7
40	19	7
40	20	7
40	21	7
40	22	7
40	23	7
40	24	7
41	1	7
41	2	7
41	3	7
41	4	7
41	5	7
41	6	7
41	7	7
41	8	7
41	9	7
41	10	7
41	11	7
41	12	7
41	13	7
41	14	7
41	15	7
41	16	7
41	17	7
41	18	7
41	19	7
41	20	7
41	21	7
41	22	7
41	23	7
41	24	7
42	1	7
42	2	7
42	3	7
42	4	7
42	5	7
42	6	7
42	7	7
42	8	7
42	9	7
42	10	7
42	11	7
42	12	7
42	13	7
42	14	7
42	15	7
42	16	7
42	17	7
42	18	7
42	19	7
42	20	7
42	21	7
42	22	7
42	23	7
42	24	7
43	1	2
43	2	2
43	3	2
43	4	2
43	5	2
43	6	2
43	7	2
43	8	2
43	9	2
43	10	2
43	11	2
43	12	2
43	13	2
43	14	2
43	15	2
43	16	2
43	17	2
43	18	2
43	19	2
43	20	2
43	21	2
43	22	2
43	23	2
43	24	2
44	1	7
44	2	7
44	3	7
44	4	7
44	5	7
44	6	7
44	7	7
44	8	7
44	9	7
44	10	7
44	11	7
44	12	7
44	13	7
44	14	7
44	15	7
44	16	7
44	17	7
44	18	7
44	19	7
44	20	7
44	21	7
44	22	7
44	23	7
44	24	7
45	1	7
45	2	7
45	3	7
45	4	7
45	5	7
45	6	7
45	7	7
45	8	7
45	9	7
45	10	7
45	11	7
45	12	7
45	13	7
45	14	7
45	15	7
45	16	7
45	17	7
45	18	7
45	19	7
45	20	7
45	21	7
45	22	7
45	23	7
45	24	7
46	1	7
46	2	7
46	3	7
46	4	7
46	5	7
46	6	7
46	7	7
46	8	7
46	9	7
46	10	1
46	11	1
46	12	1
46	13	1
46	14	1
46	15	1
46	16	1
46	17	1
46	18	7
46	19	7
46	20	7
46	21	7
46	22	7
46	23	7
46	24	1
47	1	7
47	2	7
47	3	7
47	4	7
47	5	7
47	6	7
47	7	7
47	8	7
47	9	7
47	10	7
47	11	7
47	12	7
47	13	7
47	14	7
47	15	7
47	16	7
47	17	7
47	18	7
47	19	7
47	20	7
47	21	7
47	22	7
47	23	7
47	24	7
48	1	7
48	2	7
48	3	7
48	4	7
48	5	7
48	6	7
48	7	7
48	8	7
48	9	7
48	10	7
48	11	7
48	12	7
48	13	7
48	14	7
48	15	7
48	16	7
48	17	7
48	18	7
48	19	7
48	20	7
48	21	7
48	22	7
48	23	7
48	24	1
49	1	7
49	2	7
49	3	7
49	4	7
49	5	7
49	6	7
49	7	7
49	8	7
49	9	7
49	10	7
49	11	7
49	12	7
49	13	7
49	14	7
49	15	7
49	16	7
49	17	7
49	18	7
49	19	7
49	20	7
49	21	7
49	22	7
49	23	7
49	24	7
50	1	7
50	2	7
50	3	7
50	4	7
50	5	2
50	6	2
50	7	2
50	8	2
50	9	2
50	10	2
50	11	7
50	12	7
50	13	7
50	14	7
50	15	7
50	16	7
50	17	7
50	18	7
50	19	7
50	20	7
50	21	7
50	22	7
50	23	7
50	24	7
51	1	7
51	2	7
51	3	7
51	4	7
51	5	7
51	6	7
51	7	7
51	8	7
51	9	7
51	10	7
51	11	7
51	12	7
51	13	7
51	14	7
51	15	7
51	16	7
51	17	7
51	18	7
51	19	7
51	20	7
51	21	7
51	22	7
51	23	7
51	24	1
52	1	7
52	2	7
52	3	7
52	4	7
52	5	7
52	6	7
52	7	7
52	8	7
52	9	7
52	10	7
52	11	7
52	12	7
52	13	7
52	14	7
52	15	7
52	16	7
52	17	7
52	18	7
52	19	7
52	20	7
52	21	7
52	22	7
52	23	7
52	24	7
53	1	7
53	2	7
53	3	7
53	4	7
53	5	7
53	6	7
53	7	7
53	8	7
53	9	1
53	10	1
53	11	1
53	12	1
53	13	1
53	14	1
53	15	1
53	16	1
53	17	1
53	18	7
53	19	7
53	20	7
53	21	7
53	22	7
53	23	7
53	24	1
54	1	7
54	2	7
54	3	7
54	4	7
54	5	7
54	6	7
54	7	7
54	8	7
54	9	7
54	10	7
54	11	7
54	12	7
54	13	7
54	14	7
54	15	7
54	16	7
54	17	7
54	18	7
54	19	7
54	20	7
54	21	7
54	22	7
54	23	7
54	24	7
55	1	7
55	2	7
55	3	7
55	4	7
55	5	7
55	6	7
55	7	7
55	8	7
55	9	7
55	10	7
55	11	7
55	12	7
55	13	7
55	14	7
55	15	5
55	16	7
55	17	7
55	18	7
55	19	7
55	20	7
55	21	5
55	22	7
55	23	7
55	24	1
56	1	7
56	2	7
56	3	7
56	4	7
56	5	7
56	6	7
56	7	7
56	8	7
56	9	7
56	10	7
56	11	7
56	12	7
56	13	7
56	14	7
56	15	7
56	16	7
56	17	7
56	18	7
56	19	5
56	20	7
56	21	7
56	22	7
56	23	7
56	24	7
57	1	7
57	2	7
57	3	7
57	4	7
57	5	7
57	6	7
57	7	7
57	8	7
57	9	7
57	10	7
57	11	7
57	12	7
57	13	7
57	14	7
57	15	7
57	16	7
57	17	7
57	18	7
57	19	7
57	20	7
57	21	7
57	22	7
57	23	7
57	24	7
58	1	7
58	2	7
58	3	7
58	4	7
58	5	5
58	6	7
58	7	7
58	8	5
58	9	7
58	10	7
58	11	7
58	12	7
58	13	7
58	14	5
58	15	7
58	16	7
58	17	5
58	18	7
58	19	7
58	20	7
58	21	7
58	22	7
58	23	7
58	24	7
59	1	7
59	2	7
59	3	7
59	4	5
59	5	5
59	6	7
59	7	7
59	8	7
59	9	7
59	10	7
59	11	7
59	12	7
59	13	7
59	14	7
59	15	7
59	16	7
59	17	7
59	18	7
59	19	7
59	20	7
59	21	7
59	22	7
59	23	7
59	24	1
60	1	7
60	2	7
60	3	7
60	4	7
60	5	7
60	6	7
60	7	7
60	8	7
60	9	7
60	10	5
60	11	7
60	12	7
60	13	7
60	14	7
60	15	7
60	16	7
60	17	7
60	18	7
60	19	7
60	20	7
60	21	7
60	22	7
60	23	7
60	24	7
61	1	7
61	2	7
61	3	7
61	4	7
61	5	7
61	6	7
61	7	7
61	8	7
61	9	7
61	10	7
61	11	7
61	12	7
61	13	7
61	14	7
61	15	7
61	16	7
61	17	7
61	18	7
61	19	7
61	20	7
61	21	7
61	22	7
61	23	7
61	24	7
62	1	7
62	2	7
62	3	7
62	4	7
62	5	7
62	6	7
62	7	7
62	8	7
62	9	7
62	10	7
62	11	7
62	12	7
62	13	7
62	14	7
62	15	7
62	16	7
62	17	7
62	18	7
62	19	7
62	20	7
62	21	7
62	22	7
62	23	7
62	24	7
63	1	7
63	2	7
63	3	7
63	4	7
63	5	7
63	6	7
63	7	7
63	8	7
63	9	7
63	10	7
63	11	7
63	12	7
63	13	7
63	14	7
63	15	7
63	16	7
63	17	7
63	18	7
63	19	7
63	20	7
63	21	7
63	22	7
63	23	7
63	24	1
64	1	2
64	2	2
64	3	2
64	4	2
64	5	2
64	6	2
64	7	2
64	8	2
64	9	2
64	10	2
64	11	2
64	12	2
64	13	2
64	14	2
64	15	2
64	16	2
64	17	2
64	18	2
64	19	2
64	20	2
64	21	2
64	22	2
64	23	2
64	24	2
65	1	2
65	2	2
65	3	2
65	4	2
65	5	2
65	6	2
65	7	2
65	8	2
65	9	2
65	10	2
65	11	2
65	12	2
65	13	2
65	14	2
65	15	2
65	16	2
65	17	2
65	18	2
65	19	2
65	20	2
65	21	2
65	22	2
65	23	2
65	24	1
66	1	2
66	2	2
66	3	2
66	4	2
66	5	2
66	6	2
66	7	2
66	8	2
66	9	2
66	10	2
66	11	2
66	12	2
66	13	2
66	14	2
66	15	2
66	16	2
66	17	2
66	18	2
66	19	2
66	20	2
66	21	2
66	22	2
66	23	2
66	24	2
67	1	2
67	2	2
67	3	2
67	4	2
67	5	2
67	6	2
67	7	2
67	8	2
67	9	2
67	10	2
67	11	2
67	12	2
67	13	2
67	14	2
67	15	2
67	16	2
67	17	2
67	18	2
67	19	2
67	20	2
67	21	2
67	22	2
67	23	2
67	24	1
68	1	7
68	2	7
68	3	7
68	4	7
68	5	7
68	6	7
68	7	7
68	8	7
68	9	7
68	10	7
68	11	7
68	12	7
68	13	7
68	14	7
68	15	7
68	16	7
68	17	7
68	18	7
68	19	7
68	20	7
68	21	7
68	22	7
68	23	7
68	24	7
69	1	7
69	2	7
69	3	7
69	4	7
69	5	7
69	6	7
69	7	7
69	8	7
69	9	7
69	10	7
69	11	7
69	12	7
69	13	7
69	14	7
69	15	7
69	16	7
69	17	7
69	18	7
69	19	7
69	20	7
69	21	7
69	22	7
69	23	7
69	24	7
70	1	7
70	2	7
70	3	7
70	4	7
70	5	7
70	6	7
70	7	7
70	8	7
70	9	7
70	10	7
70	11	7
70	12	7
70	13	7
70	14	7
70	15	7
70	16	7
70	17	7
70	18	7
70	19	7
70	20	7
70	21	7
70	22	7
70	23	7
70	24	7
71	1	7
71	2	7
71	3	7
71	4	7
71	5	7
71	6	7
71	7	7
71	8	7
71	9	7
71	10	7
71	11	7
71	12	7
71	13	7
71	14	7
71	15	7
71	16	7
71	17	7
71	18	7
71	19	7
71	20	7
71	21	7
71	22	7
71	23	7
71	24	7
72	1	7
72	2	7
72	3	7
72	4	7
72	5	7
72	6	7
72	7	7
72	8	7
72	9	7
72	10	7
72	11	7
72	12	7
72	13	7
72	14	7
72	15	7
72	16	7
72	17	4
72	18	7
72	19	7
72	20	7
72	21	4
72	22	4
72	23	7
72	24	7
73	1	1
73	2	1
73	3	1
73	4	1
73	5	1
73	6	1
73	7	1
73	8	1
73	9	1
73	10	1
73	11	1
73	12	1
73	13	1
73	14	1
73	15	1
73	16	1
73	17	1
73	18	1
73	19	1
73	20	1
73	21	1
73	22	1
73	23	1
73	24	1
74	1	7
74	2	7
74	3	7
74	4	7
74	5	7
74	6	7
74	7	7
74	8	7
74	9	7
74	10	7
74	11	7
74	12	7
74	13	7
74	14	7
74	15	7
74	16	7
74	17	7
74	18	7
74	19	7
74	20	7
74	21	7
74	22	7
74	23	7
74	24	7
75	1	7
75	2	7
75	3	7
75	4	7
75	5	7
75	6	7
75	7	7
75	8	7
75	9	7
75	10	7
75	11	7
75	12	7
75	13	7
75	14	7
75	15	7
75	16	7
75	17	7
75	18	7
75	19	7
75	20	7
75	21	7
75	22	7
75	23	7
75	24	1
76	1	2
76	2	2
76	3	2
76	4	2
76	5	2
76	6	2
76	7	2
76	8	2
76	9	2
76	10	2
76	11	2
76	12	2
76	13	2
76	14	2
76	15	2
76	16	2
76	17	2
76	18	2
76	19	2
76	20	2
76	21	2
76	22	2
76	23	2
76	24	2
77	1	7
77	2	7
77	3	7
77	4	7
77	5	7
77	6	7
77	7	7
77	8	7
77	9	7
77	10	7
77	11	7
77	12	7
77	13	7
77	14	7
77	15	5
77	16	5
77	17	5
77	18	5
77	19	5
77	20	5
77	21	5
77	22	5
77	23	5
77	24	7
78	1	7
78	2	7
78	3	7
78	4	7
78	5	7
78	6	7
78	7	7
78	8	7
78	9	7
78	10	7
78	11	7
78	12	2
78	13	2
78	14	7
78	15	7
78	16	7
78	17	7
78	18	7
78	19	7
78	20	7
78	21	7
78	22	7
78	23	7
78	24	1
79	1	7
79	2	7
79	3	7
79	4	7
79	5	7
79	6	7
79	7	7
79	8	7
79	9	7
79	10	7
79	11	7
79	12	7
79	13	7
79	14	7
79	15	7
79	16	7
79	17	7
79	18	7
79	19	7
79	20	7
79	21	7
79	22	7
79	23	7
79	24	5
80	1	7
80	2	7
80	3	7
80	4	7
80	5	7
80	6	7
80	7	7
80	8	7
80	9	7
80	10	7
80	11	7
80	12	7
80	13	7
80	14	7
80	15	7
80	16	7
80	17	7
80	18	7
80	19	7
80	20	7
80	21	7
80	22	7
80	23	7
80	24	7
81	1	7
81	2	7
81	3	7
81	4	7
81	5	7
81	6	7
81	7	7
81	8	7
81	9	7
81	10	7
81	11	7
81	12	7
81	13	7
81	14	7
81	15	7
81	16	7
81	17	7
81	18	7
81	19	7
81	20	7
81	21	7
81	22	7
81	23	7
81	24	7
82	1	7
82	2	7
82	3	7
82	4	7
82	5	7
82	6	7
82	7	7
82	8	7
82	9	7
82	10	7
82	11	7
82	12	7
82	13	7
82	14	7
82	15	7
82	16	7
82	17	7
82	18	7
82	19	7
82	20	7
82	21	7
82	22	7
82	23	7
82	24	7
83	1	7
83	2	7
83	3	7
83	4	7
83	5	7
83	6	7
83	7	7
83	8	7
83	9	7
83	10	7
83	11	7
83	12	7
83	13	7
83	14	7
83	15	7
83	16	7
83	17	7
83	18	7
83	19	7
83	20	7
83	21	7
83	22	7
83	23	7
83	24	7
84	1	7
84	2	7
84	3	7
84	4	7
84	5	7
84	6	7
84	7	7
84	8	7
84	9	7
84	10	7
84	11	7
84	12	7
84	13	7
84	14	7
84	15	7
84	16	7
84	17	7
84	18	7
84	19	7
84	20	7
84	21	7
84	22	7
84	23	7
84	24	7
85	1	7
85	2	7
85	3	7
85	4	7
85	5	7
85	6	7
85	7	7
85	8	7
85	9	7
85	10	7
85	11	7
85	12	7
85	13	7
85	14	7
85	15	7
85	16	7
85	17	7
85	18	7
85	19	7
85	20	7
85	21	7
85	22	7
85	23	7
85	24	7
86	1	7
86	2	7
86	3	7
86	4	7
86	5	7
86	6	7
86	7	7
86	8	7
86	9	7
86	10	7
86	11	7
86	12	7
86	13	7
86	14	7
86	15	7
86	16	7
86	17	7
86	18	7
86	19	7
86	20	7
86	21	7
86	22	7
86	23	7
86	24	7
87	1	7
87	2	7
87	3	7
87	4	7
87	5	7
87	6	7
87	7	7
87	8	7
87	9	7
87	10	7
87	11	7
87	12	7
87	13	7
87	14	7
87	15	7
87	16	7
87	17	7
87	18	7
87	19	7
87	20	7
87	21	7
87	22	7
87	23	7
87	24	7
88	1	7
88	2	7
88	3	7
88	4	7
88	5	7
88	6	7
88	7	7
88	8	7
88	9	7
88	10	7
88	11	7
88	12	7
88	13	7
88	14	7
88	15	7
88	16	7
88	17	7
88	18	7
88	19	7
88	20	7
88	21	7
88	22	7
88	23	7
88	24	7
89	1	7
89	2	7
89	3	7
89	4	7
89	5	7
89	6	7
89	7	7
89	8	7
89	9	7
89	10	7
89	11	7
89	12	7
89	13	7
89	14	7
89	15	7
89	16	7
89	17	7
89	18	7
89	19	7
89	20	7
89	21	7
89	22	7
89	23	7
89	24	7
90	1	7
90	2	7
90	3	7
90	4	2
90	5	2
90	6	7
90	7	7
90	8	7
90	9	2
90	10	2
90	11	2
90	12	2
90	13	2
90	14	2
90	15	2
90	16	2
90	17	2
90	18	2
90	19	2
90	20	2
90	21	2
90	22	2
90	23	2
90	24	2
91	1	7
91	2	7
91	3	7
91	4	7
91	5	7
91	6	7
91	7	7
91	8	7
91	9	7
91	10	7
91	11	7
91	12	7
91	13	7
91	14	7
91	15	7
91	16	7
91	17	7
91	18	7
91	19	7
91	20	7
91	21	7
91	22	7
91	23	7
91	24	7
92	1	7
92	2	7
92	3	7
92	4	2
92	5	2
92	6	7
92	7	7
92	8	7
92	9	2
92	10	2
92	11	2
92	12	2
92	13	2
92	14	2
92	15	2
92	16	2
92	17	2
92	18	2
92	19	2
92	20	2
92	21	2
92	22	2
92	23	2
92	24	2
93	1	7
93	2	7
93	3	7
93	4	7
93	5	7
93	6	7
93	7	7
93	8	7
93	9	7
93	10	7
93	11	7
93	12	7
93	13	7
93	14	7
93	15	7
93	16	7
93	17	7
93	18	7
93	19	7
93	20	7
93	21	7
93	22	7
93	23	7
93	24	7
94	1	7
94	2	7
94	3	7
94	4	7
94	5	7
94	6	7
94	7	7
94	8	7
94	9	7
94	10	7
94	11	7
94	12	7
94	13	7
94	14	7
94	15	7
94	16	7
94	17	7
94	18	7
94	19	7
94	20	7
94	21	7
94	22	7
94	23	7
94	24	7
95	1	7
95	2	7
95	3	7
95	4	7
95	5	7
95	6	7
95	7	7
95	8	7
95	9	7
95	10	7
95	11	7
95	12	7
95	13	7
95	14	7
95	15	7
95	16	7
95	17	7
95	18	7
95	19	7
95	20	7
95	21	7
95	22	7
95	23	7
95	24	7
96	1	7
96	2	7
96	3	7
96	4	7
96	5	7
96	6	7
96	7	7
96	8	7
96	9	7
96	10	7
96	11	7
96	12	7
96	13	7
96	14	7
96	15	7
96	16	7
96	17	7
96	18	7
96	19	7
96	20	7
96	21	7
96	22	7
96	23	7
96	24	7
97	1	7
97	2	7
97	3	7
97	4	7
97	5	7
97	6	7
97	7	7
97	8	7
97	9	7
97	10	7
97	11	7
97	12	7
97	13	7
97	14	7
97	15	7
97	16	7
97	17	7
97	18	7
97	19	7
97	20	7
97	21	7
97	22	7
97	23	7
97	24	7
98	1	7
98	2	7
98	3	7
98	4	7
98	5	7
98	6	7
98	7	7
98	8	7
98	9	7
98	10	7
98	11	7
98	12	7
98	13	7
98	14	7
98	15	7
98	16	7
98	17	7
98	18	7
98	19	7
98	20	7
98	21	7
98	22	7
98	23	7
98	24	1
99	1	2
99	2	2
99	3	2
99	4	2
99	5	2
99	6	2
99	7	2
99	8	2
99	9	2
99	10	2
99	11	2
99	12	2
99	13	2
99	14	2
99	15	2
99	16	2
99	17	2
99	18	2
99	19	2
99	20	2
99	21	2
99	22	2
99	23	2
99	24	2
100	1	2
100	2	2
100	3	2
100	4	2
100	5	2
100	6	2
100	7	2
100	8	2
100	9	2
100	10	2
100	11	2
100	12	2
100	13	2
100	14	2
100	15	2
100	16	2
100	17	2
100	18	2
100	19	2
100	20	2
100	21	2
100	22	2
100	23	2
100	24	2
101	1	6
101	2	6
101	3	6
101	4	6
101	5	6
101	6	6
101	7	6
101	8	6
101	9	6
101	10	6
101	11	6
101	12	6
101	13	6
101	14	6
101	15	6
101	16	6
101	17	6
101	18	6
101	19	6
101	20	6
101	21	6
101	22	6
101	23	6
101	24	6
102	1	6
102	2	6
102	3	6
102	4	6
102	5	6
102	6	5
102	7	5
102	8	5
102	9	5
102	10	5
102	11	5
102	12	5
102	13	5
102	14	5
102	15	5
102	16	5
102	17	5
102	18	5
102	19	5
102	20	5
102	21	5
102	22	5
102	23	5
102	24	5
103	1	7
103	2	7
103	3	7
103	4	7
103	5	7
103	6	7
103	7	7
103	8	7
103	9	7
103	10	7
103	11	7
103	12	7
103	13	7
103	14	7
103	15	7
103	16	7
103	17	7
103	18	7
103	19	7
103	20	7
103	21	7
103	22	7
103	23	7
103	24	7
104	1	2
104	2	2
104	3	2
104	4	2
104	5	2
104	6	2
104	7	2
104	8	2
104	9	2
104	10	2
104	11	2
104	12	2
104	13	2
104	14	2
104	15	2
104	16	2
104	17	2
104	18	2
104	19	2
104	20	2
104	21	2
104	22	2
104	23	2
104	24	2
105	1	6
105	2	6
105	3	6
105	4	6
105	5	6
105	6	6
105	7	6
105	8	6
105	9	6
105	10	6
105	11	6
105	12	6
105	13	6
105	14	6
105	15	6
105	16	6
105	17	6
105	18	6
105	19	6
105	20	6
105	21	6
105	22	6
105	23	6
105	24	6
106	1	2
106	2	2
106	3	2
106	4	2
106	5	2
106	6	2
106	7	2
106	8	2
106	9	2
106	10	2
106	11	2
106	12	2
106	13	2
106	14	2
106	15	2
106	16	2
106	17	2
106	18	2
106	19	2
106	20	2
106	21	2
106	22	2
106	23	2
106	24	2
107	1	2
107	2	2
107	3	2
107	4	2
107	5	2
107	6	2
107	7	2
107	8	2
107	9	2
107	10	2
107	11	2
107	12	2
107	13	2
107	14	2
107	15	2
107	16	2
107	17	2
107	18	2
107	19	2
107	20	2
107	21	2
107	22	2
107	23	2
107	24	2
108	1	6
108	2	6
108	3	6
108	4	6
108	5	6
108	6	6
108	7	6
108	8	6
108	9	6
108	10	6
108	11	6
108	12	6
108	13	6
108	14	6
108	15	6
108	16	6
108	17	6
108	18	6
108	19	6
108	20	6
108	21	6
108	22	6
108	23	6
108	24	6
109	1	2
109	2	2
109	3	2
109	4	2
109	5	2
109	6	2
109	7	2
109	8	2
109	9	2
109	10	2
109	11	2
109	12	2
109	13	2
109	14	2
109	15	2
109	16	2
109	17	2
109	18	2
109	19	2
109	20	2
109	21	2
109	22	2
109	23	2
109	24	2
110	1	7
110	2	7
110	3	7
110	4	7
110	5	7
110	6	7
110	7	7
110	8	7
110	9	7
110	10	7
110	11	7
110	12	7
110	13	7
110	14	7
110	15	7
110	16	7
110	17	7
110	18	7
110	19	7
110	20	7
110	21	7
110	22	7
110	23	7
110	24	7
111	1	7
111	2	7
111	3	7
111	4	7
111	5	7
111	6	7
111	7	7
111	8	7
111	9	2
111	10	2
111	11	2
111	12	2
111	13	2
111	14	2
111	15	2
111	16	2
111	17	2
111	18	7
111	19	7
111	20	7
111	21	7
111	22	7
111	23	7
111	24	1
112	1	1
112	2	1
112	3	1
112	4	1
112	5	1
112	6	1
112	7	1
112	8	1
112	9	1
112	10	1
112	11	1
112	12	1
112	13	1
112	14	1
112	15	1
112	16	1
112	17	1
112	18	1
112	19	1
112	20	1
112	21	1
112	22	1
112	23	1
112	24	1
113	1	2
113	2	2
113	3	2
113	4	2
113	5	2
113	6	2
113	7	2
113	8	2
113	9	2
113	10	2
113	11	2
113	12	2
113	13	2
113	14	2
113	15	2
113	16	2
113	17	2
113	18	2
113	19	2
113	20	2
113	21	2
113	22	2
113	23	2
113	24	2
114	1	1
114	2	1
114	3	1
114	4	1
114	5	1
114	6	1
114	7	1
114	8	1
114	9	1
114	10	1
114	11	1
114	12	1
114	13	1
114	14	1
114	15	1
114	16	1
114	17	1
114	18	1
114	19	1
114	20	1
114	21	1
114	22	1
114	23	1
114	24	1
115	1	1
115	2	1
115	3	1
115	4	1
115	5	1
115	6	1
115	7	1
115	8	1
115	9	1
115	10	1
115	11	1
115	12	1
115	13	1
115	14	1
115	15	1
115	16	1
115	17	1
115	18	1
115	19	1
115	20	1
115	21	1
115	22	1
115	23	1
115	24	1
116	1	1
116	2	1
116	3	1
116	4	1
116	5	1
116	6	1
116	7	1
116	8	1
116	9	1
116	10	1
116	11	1
116	12	1
116	13	1
116	14	1
116	15	1
116	16	1
116	17	1
116	18	1
116	19	1
116	20	1
116	21	1
116	22	1
116	23	1
116	24	1
117	1	1
117	2	1
117	3	1
117	4	1
117	5	1
117	6	1
117	7	1
117	8	1
117	9	1
117	10	1
117	11	1
117	12	1
117	13	1
117	14	1
117	15	1
117	16	1
117	17	1
117	18	1
117	19	1
117	20	1
117	21	1
117	22	1
117	23	1
117	24	1
118	1	1
118	2	1
118	3	1
118	4	1
118	5	1
118	6	1
118	7	1
118	8	1
118	9	1
118	10	1
118	11	1
118	12	1
118	13	1
118	14	1
118	15	1
118	16	1
118	17	1
118	18	1
118	19	1
118	20	1
118	21	1
118	22	1
118	23	1
118	24	1
119	1	1
119	2	1
119	3	1
119	4	1
119	5	1
119	6	1
119	7	1
119	8	1
119	9	1
119	10	1
119	11	1
119	12	1
119	13	1
119	14	1
119	15	1
119	16	1
119	17	1
119	18	1
119	19	1
119	20	1
119	21	1
119	22	1
119	23	1
119	24	1
120	1	7
120	2	7
120	3	7
120	4	7
120	5	7
120	6	7
120	7	7
120	8	7
120	9	7
120	10	7
120	11	7
120	12	7
120	13	7
120	14	7
120	15	7
120	16	7
120	17	7
120	18	7
120	19	7
120	20	7
120	21	7
120	22	7
120	23	7
120	24	1
121	1	7
121	2	7
121	3	7
121	4	7
121	5	7
121	6	7
121	7	7
121	8	7
121	9	7
121	10	7
121	11	7
121	12	7
121	13	7
121	14	7
121	15	7
121	16	7
121	17	7
121	18	7
121	19	7
121	20	7
121	21	7
121	22	7
121	23	7
121	24	5
122	1	7
122	2	7
122	3	7
122	4	7
122	5	7
122	6	7
122	7	7
122	8	7
122	9	7
122	10	7
122	11	7
122	12	6
122	13	6
122	14	6
122	15	6
122	16	6
122	17	6
122	18	6
122	19	6
122	20	6
122	21	6
122	22	6
122	23	6
122	24	6
123	1	7
123	2	7
123	3	7
123	4	7
123	5	7
123	6	7
123	7	7
123	8	7
123	9	7
123	10	7
123	11	7
123	12	7
123	13	7
123	14	7
123	15	7
123	16	7
123	17	7
123	18	7
123	19	7
123	20	7
123	21	7
123	22	7
123	23	7
123	24	7
124	1	2
124	2	2
124	3	2
124	4	2
124	5	2
124	6	2
124	7	2
124	8	2
124	9	2
124	10	2
124	11	2
124	12	2
124	13	2
124	14	2
124	15	2
124	16	2
124	17	2
124	18	2
124	19	2
124	20	2
124	21	2
124	22	2
124	23	2
124	24	2
125	1	7
125	2	7
125	3	7
125	4	7
125	5	7
125	6	7
125	7	7
125	8	7
125	9	7
125	10	7
125	11	7
125	12	6
125	13	6
125	14	6
125	15	6
125	16	6
125	17	6
125	18	6
125	19	6
125	20	6
125	21	6
125	22	6
125	23	6
125	24	6
126	1	7
126	2	7
126	3	7
126	4	7
126	5	7
126	6	7
126	7	7
126	8	7
126	9	7
126	10	7
126	11	7
126	12	6
126	13	6
126	14	6
126	15	6
126	16	6
126	17	6
126	18	6
126	19	6
126	20	6
126	21	6
126	22	6
126	23	6
126	24	6
127	1	7
127	2	7
127	3	7
127	4	7
127	5	7
127	6	7
127	7	7
127	8	7
127	9	7
127	10	7
127	11	7
127	12	6
127	13	6
127	14	6
127	15	6
127	16	6
127	17	6
127	18	6
127	19	6
127	20	6
127	21	6
127	22	6
127	23	6
127	24	6
128	1	7
128	2	7
128	3	7
128	4	7
128	5	7
128	6	7
128	7	7
128	8	7
128	9	7
128	10	7
128	11	7
128	12	6
128	13	6
128	14	6
128	15	6
128	16	6
128	17	6
128	18	6
128	19	6
128	20	6
128	21	6
128	22	6
128	23	6
128	24	6
129	1	7
129	2	7
129	3	7
129	4	7
129	5	7
129	6	7
129	7	7
129	8	7
129	9	7
129	10	7
129	11	7
129	12	7
129	13	7
129	14	7
129	15	7
129	16	7
129	17	7
129	18	7
129	19	7
129	20	7
129	21	7
129	22	7
129	23	7
129	24	7
130	1	2
130	2	2
130	3	2
130	4	2
130	5	2
130	6	2
130	7	2
130	8	2
130	9	2
130	10	2
130	11	2
130	12	2
130	13	2
130	14	2
130	15	2
130	16	2
130	17	2
130	18	2
130	19	2
130	20	2
130	21	2
130	22	2
130	23	2
130	24	2
131	1	7
131	2	7
131	3	7
131	4	7
131	5	7
131	6	7
131	7	7
131	8	7
131	9	7
131	10	7
131	11	7
131	12	7
131	13	7
131	14	7
131	15	7
131	16	7
131	17	7
131	18	7
131	19	7
131	20	7
131	21	7
131	22	7
131	23	7
131	24	7
132	1	2
132	2	2
132	3	2
132	4	2
132	5	2
132	6	2
132	7	2
132	8	2
132	9	2
132	10	2
132	11	2
132	12	2
132	13	2
132	14	2
132	15	2
132	16	2
132	17	2
132	18	2
132	19	2
132	20	2
132	21	2
132	22	2
132	23	2
132	24	2
133	1	6
133	2	6
133	3	6
133	4	6
133	5	6
133	6	6
133	7	6
133	8	6
133	9	6
133	10	6
133	11	6
133	12	5
133	13	5
133	14	5
133	15	5
133	16	5
133	17	5
133	18	5
133	19	5
133	20	5
133	21	5
133	22	5
133	23	5
133	24	5
134	1	2
134	2	2
134	3	2
134	4	2
134	5	2
134	6	2
134	7	2
134	8	2
134	9	2
134	10	2
134	11	2
134	12	2
134	13	2
134	14	2
134	15	2
134	16	2
134	17	2
134	18	2
134	19	2
134	20	2
134	21	2
134	22	2
134	23	2
134	24	2
135	1	7
135	2	7
135	3	7
135	4	7
135	5	7
135	6	7
135	7	7
135	8	7
135	9	7
135	10	7
135	11	7
135	12	6
135	13	6
135	14	6
135	15	6
135	16	6
135	17	6
135	18	6
135	19	6
135	20	6
135	21	6
135	22	6
135	23	6
135	24	6
136	1	7
136	2	7
136	3	7
136	4	7
136	5	7
136	6	7
136	7	7
136	8	7
136	9	7
136	10	7
136	11	7
136	12	6
136	13	6
136	14	6
136	15	6
136	16	6
136	17	6
136	18	6
136	19	6
136	20	6
136	21	6
136	22	6
136	23	6
136	24	6
137	1	7
137	2	7
137	3	7
137	4	7
137	5	7
137	6	7
137	7	7
137	8	7
137	9	7
137	10	7
137	11	7
137	12	6
137	13	6
137	14	6
137	15	6
137	16	6
137	17	6
137	18	6
137	19	6
137	20	6
137	21	6
137	22	6
137	23	6
137	24	6
138	1	7
138	2	7
138	3	7
138	4	7
138	5	7
138	6	7
138	7	7
138	8	7
138	9	7
138	10	7
138	11	7
138	12	6
138	13	6
138	14	6
138	15	6
138	16	6
138	17	6
138	18	6
138	19	6
138	20	6
138	21	6
138	22	6
138	23	6
138	24	6
139	1	7
139	2	7
139	3	2
139	4	2
139	5	2
139	6	1
139	7	1
139	8	1
139	9	2
139	10	7
139	11	7
139	12	7
139	13	7
139	14	7
139	15	7
139	16	7
139	17	7
139	18	7
139	19	7
139	20	7
139	21	7
139	22	7
139	23	7
139	24	7
140	1	6
140	2	6
140	3	6
140	4	6
140	5	6
140	6	6
140	7	6
140	8	6
140	9	6
140	10	5
140	11	5
140	12	5
140	13	5
140	14	5
140	15	5
140	16	5
140	17	5
140	18	5
140	19	5
140	20	5
140	21	5
140	22	5
140	23	5
140	24	5
141	1	1
141	2	1
141	3	1
141	4	1
141	5	1
141	6	1
141	7	1
141	8	1
141	9	1
141	10	1
141	11	1
141	12	1
141	13	1
141	14	1
141	15	1
141	16	1
141	17	1
141	18	1
141	19	1
141	20	1
141	21	1
141	22	1
141	23	1
141	24	1
142	1	1
142	2	1
142	3	1
142	4	1
142	5	1
142	6	1
142	7	1
142	8	1
142	9	1
142	10	1
142	11	1
142	12	1
142	13	1
142	14	1
142	15	1
142	16	1
142	17	1
142	18	1
142	19	1
142	20	1
142	21	1
142	22	1
142	23	1
142	24	1
143	1	1
143	2	1
143	3	1
143	4	1
143	5	1
143	6	1
143	7	1
143	8	1
143	9	1
143	10	1
143	11	1
143	12	1
143	13	1
143	14	1
143	15	1
143	16	1
143	17	1
143	18	1
143	19	1
143	20	1
143	21	1
143	22	1
143	23	1
143	24	1
144	1	6
144	2	6
144	3	6
144	4	6
144	5	6
144	6	6
144	7	6
144	8	6
144	9	6
144	10	5
144	11	5
144	12	5
144	13	5
144	14	5
144	15	5
144	16	5
144	17	5
144	18	5
144	19	5
144	20	5
144	21	5
144	22	5
144	23	5
144	24	5
145	1	1
145	2	1
145	3	1
145	4	1
145	5	1
145	6	1
145	7	1
145	8	1
145	9	1
145	10	1
145	11	1
145	12	1
145	13	1
145	14	1
145	15	1
145	16	1
145	17	1
145	18	1
145	19	1
145	20	1
145	21	1
145	22	1
145	23	1
145	24	1
146	1	1
146	2	1
146	3	1
146	4	1
146	5	1
146	6	1
146	7	1
146	8	1
146	9	1
146	10	1
146	11	1
146	12	2
146	13	2
146	14	2
146	15	1
146	16	1
146	17	1
146	18	1
146	19	1
146	20	1
146	21	1
146	22	1
146	23	1
146	24	1
147	1	2
147	2	2
147	3	2
147	4	2
147	5	2
147	6	2
147	7	2
147	8	2
147	9	2
147	10	2
147	11	2
147	12	2
147	13	2
147	14	2
147	15	2
147	16	2
147	17	2
147	18	2
147	19	2
147	20	2
147	21	2
147	22	2
147	23	2
147	24	2
148	1	2
148	2	2
148	3	2
148	4	2
148	5	2
148	6	2
148	7	2
148	8	2
148	9	2
148	10	2
148	11	2
148	12	2
148	13	2
148	14	2
148	15	2
148	16	2
148	17	2
148	18	2
148	19	2
148	20	2
148	21	2
148	22	2
148	23	2
148	24	2
149	1	2
149	2	2
149	3	2
149	4	2
149	5	2
149	6	2
149	7	2
149	8	2
149	9	2
149	10	1
149	11	1
149	12	1
149	13	1
149	14	1
149	15	1
149	16	1
149	17	2
149	18	2
149	19	2
149	20	2
149	21	2
149	22	2
149	23	2
149	24	1
150	1	2
150	2	2
150	3	2
150	4	2
150	5	2
150	6	2
150	7	2
150	8	2
150	9	2
150	10	2
150	11	2
150	12	2
150	13	2
150	14	2
150	15	2
150	16	2
150	17	2
150	18	2
150	19	2
150	20	2
150	21	2
150	22	2
150	23	2
150	24	2
151	1	2
151	2	2
151	3	2
151	4	2
151	5	2
151	6	2
151	7	2
151	8	2
151	9	2
151	10	2
151	11	2
151	12	2
151	13	2
151	14	2
151	15	2
151	16	2
151	17	2
151	18	2
151	19	2
151	20	2
151	21	2
151	22	2
151	23	2
151	24	2
152	1	2
152	2	2
152	3	2
152	4	2
152	5	2
152	6	2
152	7	2
152	8	2
152	9	2
152	10	2
152	11	2
152	12	2
152	13	2
152	14	2
152	15	2
152	16	2
152	17	2
152	18	2
152	19	2
152	20	2
152	21	2
152	22	2
152	23	2
152	24	2
153	1	2
153	2	2
153	3	2
153	4	2
153	5	2
153	6	2
153	7	2
153	8	2
153	9	2
153	10	2
153	11	2
153	12	2
153	13	2
153	14	2
153	15	2
153	16	2
153	17	2
153	18	2
153	19	2
153	20	2
153	21	2
153	22	2
153	23	2
153	24	2
154	1	2
154	2	2
154	3	2
154	4	2
154	5	2
154	6	2
154	7	2
154	8	2
154	9	2
154	10	2
154	11	2
154	12	2
154	13	2
154	14	2
154	15	2
154	16	2
154	17	2
154	18	2
154	19	2
154	20	2
154	21	2
154	22	2
154	23	2
154	24	2
155	1	7
155	2	7
155	3	7
155	4	7
155	5	7
155	6	7
155	7	7
155	8	7
155	9	7
155	10	7
155	11	7
155	12	7
155	13	7
155	14	7
155	15	7
155	16	7
155	17	7
155	18	7
155	19	7
155	20	7
155	21	7
155	22	7
155	23	7
155	24	7
156	1	2
156	2	2
156	3	2
156	4	2
156	5	2
156	6	2
156	7	2
156	8	2
156	9	2
156	10	2
156	11	2
156	12	1
156	13	1
156	14	1
156	15	1
156	16	2
156	17	2
156	18	2
156	19	2
156	20	2
156	21	2
156	22	2
156	23	2
156	24	1
157	1	7
157	2	7
157	3	7
157	4	7
157	5	7
157	6	7
157	7	7
157	8	2
157	9	7
157	10	7
157	11	7
157	12	7
157	13	7
157	14	7
157	15	7
157	16	7
157	17	7
157	18	7
157	19	7
157	20	7
157	21	7
157	22	7
157	23	7
157	24	1
158	1	7
158	2	7
158	3	7
158	4	7
158	5	7
158	6	7
158	7	7
158	8	7
158	9	7
158	10	7
158	11	7
158	12	7
158	13	7
158	14	7
158	15	7
158	16	7
158	17	7
158	18	7
158	19	7
158	20	7
158	21	7
158	22	7
158	23	7
158	24	5
159	1	6
159	2	6
159	3	6
159	4	6
159	5	6
159	6	6
159	7	6
159	8	6
159	9	6
159	10	6
159	11	6
159	12	6
159	13	6
159	14	6
159	15	6
159	16	6
159	17	6
159	18	6
159	19	6
159	20	6
159	21	6
159	22	6
159	23	6
159	24	6
160	1	7
160	2	7
160	3	7
160	4	7
160	5	7
160	6	7
160	7	7
160	8	7
160	9	7
160	10	7
160	11	7
160	12	7
160	13	7
160	14	7
160	15	7
160	16	7
160	17	7
160	18	7
160	19	7
160	20	7
160	21	7
160	22	7
160	23	7
160	24	7
161	1	2
161	2	2
161	3	2
161	4	2
161	5	2
161	6	2
161	7	2
161	8	2
161	9	2
161	10	2
161	11	2
161	12	2
161	13	2
161	14	2
161	15	2
161	16	2
161	17	2
161	18	2
161	19	2
161	20	2
161	21	2
161	22	2
161	23	2
161	24	2
162	1	6
162	2	6
162	3	6
162	4	6
162	5	6
162	6	6
162	7	6
162	8	6
162	9	6
162	10	6
162	11	6
162	12	6
162	13	6
162	14	6
162	15	6
162	16	6
162	17	6
162	18	6
162	19	6
162	20	6
162	21	6
162	22	6
162	23	6
162	24	6
163	1	6
163	2	6
163	3	6
163	4	6
163	5	6
163	6	6
163	7	6
163	8	6
163	9	6
163	10	6
163	11	6
163	12	6
163	13	6
163	14	6
163	15	6
163	16	6
163	17	6
163	18	6
163	19	6
163	20	6
163	21	6
163	22	6
163	23	6
163	24	6
164	1	6
164	2	6
164	3	6
164	4	6
164	5	6
164	6	6
164	7	6
164	8	6
164	9	6
164	10	6
164	11	6
164	12	6
164	13	6
164	14	6
164	15	6
164	16	6
164	17	6
164	18	6
164	19	6
164	20	6
164	21	6
164	22	6
164	23	6
164	24	6
165	1	6
165	2	6
165	3	6
165	4	6
165	5	6
165	6	6
165	7	6
165	8	6
165	9	6
165	10	6
165	11	6
165	12	6
165	13	6
165	14	6
165	15	6
165	16	6
165	17	6
165	18	6
165	19	6
165	20	6
165	21	6
165	22	6
165	23	6
165	24	6
166	1	7
166	2	7
166	3	7
166	4	7
166	5	7
166	6	7
166	7	7
166	8	7
166	9	7
166	10	7
166	11	7
166	12	7
166	13	7
166	14	7
166	15	7
166	16	7
166	17	7
166	18	7
166	19	7
166	20	7
166	21	7
166	22	7
166	23	7
166	24	7
167	1	2
167	2	2
167	3	2
167	4	2
167	5	2
167	6	2
167	7	2
167	8	2
167	9	2
167	10	2
167	11	2
167	12	2
167	13	2
167	14	2
167	15	2
167	16	2
167	17	2
167	18	2
167	19	2
167	20	2
167	21	2
167	22	2
167	23	2
167	24	2
168	1	7
168	2	7
168	3	7
168	4	7
168	5	7
168	6	7
168	7	7
168	8	7
168	9	7
168	10	7
168	11	7
168	12	7
168	13	7
168	14	7
168	15	7
168	16	7
168	17	7
168	18	7
168	19	7
168	20	7
168	21	7
168	22	7
168	23	7
168	24	7
169	1	2
169	2	2
169	3	2
169	4	2
169	5	2
169	6	2
169	7	2
169	8	2
169	9	2
169	10	2
169	11	2
169	12	2
169	13	2
169	14	2
169	15	2
169	16	2
169	17	2
169	18	2
169	19	2
169	20	2
169	21	2
169	22	2
169	23	2
169	24	2
170	1	6
170	2	6
170	3	6
170	4	6
170	5	6
170	6	6
170	7	6
170	8	6
170	9	6
170	10	6
170	11	6
170	12	5
170	13	5
170	14	5
170	15	5
170	16	5
170	17	5
170	18	5
170	19	5
170	20	5
170	21	5
170	22	5
170	23	5
170	24	5
171	1	2
171	2	2
171	3	2
171	4	2
171	5	2
171	6	2
171	7	2
171	8	2
171	9	2
171	10	2
171	11	2
171	12	2
171	13	2
171	14	2
171	15	2
171	16	2
171	17	2
171	18	2
171	19	2
171	20	2
171	21	2
171	22	2
171	23	2
171	24	2
172	1	6
172	2	6
172	3	6
172	4	6
172	5	6
172	6	6
172	7	6
172	8	6
172	9	6
172	10	6
172	11	6
172	12	6
172	13	6
172	14	6
172	15	6
172	16	6
172	17	6
172	18	6
172	19	6
172	20	6
172	21	6
172	22	6
172	23	6
172	24	6
173	1	6
173	2	6
173	3	6
173	4	6
173	5	6
173	6	6
173	7	6
173	8	6
173	9	6
173	10	6
173	11	6
173	12	6
173	13	6
173	14	6
173	15	6
173	16	6
173	17	6
173	18	6
173	19	6
173	20	6
173	21	6
173	22	6
173	23	6
173	24	6
174	1	6
174	2	6
174	3	6
174	4	6
174	5	6
174	6	6
174	7	6
174	8	6
174	9	6
174	10	6
174	11	6
174	12	6
174	13	6
174	14	6
174	15	6
174	16	6
174	17	6
174	18	6
174	19	6
174	20	6
174	21	6
174	22	6
174	23	6
174	24	6
175	1	6
175	2	6
175	3	6
175	4	6
175	5	6
175	6	6
175	7	6
175	8	6
175	9	6
175	10	6
175	11	6
175	12	6
175	13	6
175	14	6
175	15	6
175	16	6
175	17	6
175	18	6
175	19	6
175	20	6
175	21	6
175	22	6
175	23	6
175	24	6
176	1	2
176	2	2
176	3	2
176	4	2
176	5	1
176	6	1
176	7	1
176	8	1
176	9	1
176	10	7
176	11	7
176	12	7
176	13	7
176	14	7
176	15	7
176	16	7
176	17	7
176	18	7
176	19	7
176	20	7
176	21	7
176	22	7
176	23	7
176	24	7
177	1	7
177	2	7
177	3	7
177	4	7
177	5	7
177	6	7
177	7	7
177	8	7
177	9	7
177	10	7
177	11	7
177	12	7
177	13	7
177	14	1
177	15	1
177	16	1
177	17	1
177	18	7
177	19	7
177	20	7
177	21	7
177	22	7
177	23	7
177	24	1
178	1	2
178	2	2
178	3	2
178	4	2
178	5	2
178	6	2
178	7	2
178	8	2
178	9	2
178	10	2
178	11	2
178	12	2
178	13	2
178	14	2
178	15	2
178	16	2
178	17	2
178	18	2
178	19	2
178	20	2
178	21	2
178	22	2
178	23	2
178	24	2
179	1	7
179	2	7
179	3	7
179	4	7
179	5	7
179	6	7
179	7	7
179	8	7
179	9	7
179	10	7
179	11	7
179	12	7
179	13	7
179	14	7
179	15	7
179	16	7
179	17	7
179	18	7
179	19	7
179	20	7
179	21	7
179	22	7
179	23	7
179	24	7
180	1	7
180	2	7
180	3	7
180	4	7
180	5	7
180	6	7
180	7	7
180	8	7
180	9	7
180	10	7
180	11	7
180	12	7
180	13	7
180	14	7
180	15	7
180	16	7
180	17	7
180	18	7
180	19	7
180	20	7
180	21	7
180	22	7
180	23	7
180	24	7
181	1	7
181	2	7
181	3	7
181	4	7
181	5	7
181	6	7
181	7	7
181	8	7
181	9	7
181	10	7
181	11	7
181	12	7
181	13	7
181	14	7
181	15	7
181	16	7
181	17	7
181	18	7
181	19	7
181	20	7
181	21	7
181	22	7
181	23	7
181	24	7
182	1	7
182	2	7
182	3	7
182	4	7
182	5	7
182	6	7
182	7	7
182	8	7
182	9	7
182	10	7
182	11	7
182	12	7
182	13	7
182	14	7
182	15	7
182	16	7
182	17	7
182	18	7
182	19	7
182	20	7
182	21	7
182	22	7
182	23	7
182	24	7
183	1	7
183	2	7
183	3	7
183	4	7
183	5	7
183	6	7
183	7	7
183	8	7
183	9	7
183	10	7
183	11	7
183	12	7
183	13	7
183	14	7
183	15	7
183	16	7
183	17	7
183	18	7
183	19	7
183	20	7
183	21	7
183	22	7
183	23	7
183	24	7
184	1	7
184	2	7
184	3	7
184	4	7
184	5	7
184	6	7
184	7	7
184	8	7
184	9	7
184	10	7
184	11	7
184	12	7
184	13	7
184	14	7
184	15	7
184	16	7
184	17	7
184	18	7
184	19	7
184	20	7
184	21	7
184	22	7
184	23	7
184	24	7
185	1	1
185	2	1
185	3	1
185	4	1
185	5	1
185	6	1
185	7	1
185	8	1
185	9	1
185	10	1
185	11	1
185	12	1
185	13	1
185	14	1
185	15	1
185	16	1
185	17	1
185	18	1
185	19	1
185	20	1
185	21	1
185	22	1
185	23	1
185	24	1
186	1	1
186	2	1
186	3	1
186	4	1
186	5	1
186	6	1
186	7	1
186	8	1
186	9	1
186	10	1
186	11	1
186	12	1
186	13	1
186	14	1
186	15	1
186	16	1
186	17	1
186	18	1
186	19	1
186	20	1
186	21	1
186	22	1
186	23	1
186	24	1
187	1	1
187	2	1
187	3	1
187	4	1
187	5	1
187	6	1
187	7	1
187	8	1
187	9	1
187	10	1
187	11	1
187	12	1
187	13	1
187	14	1
187	15	1
187	16	1
187	17	1
187	18	1
187	19	1
187	20	1
187	21	1
187	22	1
187	23	1
187	24	1
188	1	1
188	2	1
188	3	1
188	4	1
188	5	1
188	6	1
188	7	1
188	8	1
188	9	1
188	10	1
188	11	1
188	12	1
188	13	1
188	14	1
188	15	1
188	16	1
188	17	1
188	18	1
188	19	1
188	20	1
188	21	1
188	22	1
188	23	1
188	24	1
189	1	1
189	2	1
189	3	1
189	4	1
189	5	1
189	6	1
189	7	1
189	8	1
189	9	1
189	10	1
189	11	1
189	12	1
189	13	1
189	14	1
189	15	1
189	16	1
189	17	1
189	18	1
189	19	1
189	20	1
189	21	1
189	22	1
189	23	1
189	24	1
190	1	1
190	2	1
190	3	1
190	4	1
190	5	1
190	6	1
190	7	1
190	8	1
190	9	1
190	10	1
190	11	1
190	12	1
190	13	1
190	14	1
190	15	1
190	16	1
190	17	1
190	18	1
190	19	1
190	20	1
190	21	1
190	22	1
190	23	1
190	24	1
191	1	1
191	2	1
191	3	1
191	4	1
191	5	1
191	6	1
191	7	1
191	8	1
191	9	1
191	10	1
191	11	1
191	12	1
191	13	1
191	14	1
191	15	1
191	16	1
191	17	1
191	18	1
191	19	1
191	20	1
191	21	1
191	22	1
191	23	1
191	24	1
192	1	1
192	2	1
192	3	1
192	4	1
192	5	1
192	6	1
192	7	1
192	8	1
192	9	1
192	10	1
192	11	1
192	12	1
192	13	1
192	14	1
192	15	1
192	16	1
192	17	1
192	18	1
192	19	1
192	20	1
192	21	1
192	22	1
192	23	1
192	24	1
193	1	7
193	2	7
193	3	7
193	4	7
193	5	7
193	6	7
193	7	7
193	8	7
193	9	7
193	10	1
193	11	1
193	12	1
193	13	1
193	14	1
193	15	1
193	16	1
193	17	7
193	18	7
193	19	7
193	20	7
193	21	7
193	22	7
193	23	7
193	24	1
194	1	7
194	2	7
194	3	7
194	4	7
194	5	7
194	6	7
194	7	7
194	8	7
194	9	7
194	10	7
194	11	7
194	12	7
194	13	7
194	14	7
194	15	7
194	16	7
194	17	7
194	18	7
194	19	7
194	20	7
194	21	7
194	22	7
194	23	7
194	24	7
195	1	7
195	2	7
195	3	7
195	4	7
195	5	7
195	6	7
195	7	7
195	8	7
195	9	7
195	10	7
195	11	7
195	12	7
195	13	7
195	14	7
195	15	7
195	16	7
195	17	7
195	18	7
195	19	7
195	20	7
195	21	7
195	22	7
195	23	7
195	24	7
196	1	7
196	2	7
196	3	7
196	4	7
196	5	7
196	6	7
196	7	7
196	8	7
196	9	7
196	10	7
196	11	7
196	12	7
196	13	7
196	14	7
196	15	7
196	16	7
196	17	7
196	18	7
196	19	7
196	20	7
196	21	7
196	22	7
196	23	7
196	24	7
197	1	7
197	2	7
197	3	7
197	4	7
197	5	7
197	6	7
197	7	7
197	8	7
197	9	7
197	10	7
197	11	7
197	12	5
197	13	5
197	14	5
197	15	5
197	16	5
197	17	5
197	18	5
197	19	5
197	20	5
197	21	5
197	22	5
197	23	5
197	24	5
198	1	7
198	2	7
198	3	7
198	4	7
198	5	7
198	6	7
198	7	7
198	8	7
198	9	7
198	10	7
198	11	7
198	12	7
198	13	7
198	14	7
198	15	7
198	16	7
198	17	7
198	18	7
198	19	7
198	20	7
198	21	7
198	22	7
198	23	7
198	24	7
199	1	7
199	2	7
199	3	7
199	4	7
199	5	7
199	6	7
199	7	7
199	8	7
199	9	7
199	10	7
199	11	7
199	12	7
199	13	7
199	14	7
199	15	7
199	16	7
199	17	7
199	18	7
199	19	7
199	20	7
199	21	7
199	22	7
199	23	7
199	24	7
200	1	7
200	2	7
200	3	7
200	4	7
200	5	7
200	6	7
200	7	7
200	8	7
200	9	7
200	10	7
200	11	7
200	12	7
200	13	7
200	14	7
200	15	7
200	16	7
200	17	7
200	18	7
200	19	7
200	20	7
200	21	7
200	22	7
200	23	7
200	24	7
201	1	7
201	2	7
201	3	7
201	4	7
201	5	7
201	6	7
201	7	7
201	8	7
201	9	7
201	10	7
201	11	7
201	12	7
201	13	7
201	14	7
201	15	7
201	16	7
201	17	7
201	18	7
201	19	7
201	20	7
201	21	7
201	22	7
201	23	7
201	24	7
202	1	7
202	2	7
202	3	7
202	4	7
202	5	7
202	6	7
202	7	7
202	8	7
202	9	7
202	10	7
202	11	7
202	12	7
202	13	7
202	14	7
202	15	7
202	16	7
202	17	7
202	18	7
202	19	7
202	20	7
202	21	7
202	22	7
202	23	7
202	24	7
203	1	7
203	2	7
203	3	7
203	4	7
203	5	7
203	6	7
203	7	7
203	8	7
203	9	7
203	10	7
203	11	7
203	12	7
203	13	7
203	14	7
203	15	7
203	16	7
203	17	7
203	18	7
203	19	7
203	20	7
203	21	7
203	22	7
203	23	7
203	24	7
204	1	7
204	2	7
204	3	7
204	4	7
204	5	7
204	6	7
204	7	7
204	8	7
204	9	7
204	10	7
204	11	7
204	12	7
204	13	7
204	14	7
204	15	7
204	16	7
204	17	7
204	18	7
204	19	7
204	20	7
204	21	7
204	22	7
204	23	7
204	24	7
205	1	7
205	2	7
205	3	7
205	4	7
205	5	7
205	6	7
205	7	7
205	8	7
205	9	7
205	10	7
205	11	7
205	12	7
205	13	7
205	14	7
205	15	7
205	16	7
205	17	7
205	18	7
205	19	7
205	20	7
205	21	7
205	22	7
205	23	7
205	24	7
206	1	7
206	2	7
206	3	7
206	4	7
206	5	7
206	6	7
206	7	7
206	8	7
206	9	7
206	10	1
206	11	1
206	12	1
206	13	1
206	14	1
206	15	1
206	16	1
206	17	7
206	18	7
206	19	7
206	20	7
206	21	7
206	22	7
206	23	7
206	24	1
207	1	7
207	2	7
207	3	7
207	4	7
207	5	7
207	6	7
207	7	7
207	8	7
207	9	7
207	10	7
207	11	7
207	12	7
207	13	7
207	14	7
207	15	7
207	16	7
207	17	7
207	18	7
207	19	7
207	20	7
207	21	7
207	22	7
207	23	7
207	24	7
208	1	7
208	2	7
208	3	7
208	4	7
208	5	7
208	6	7
208	7	7
208	8	7
208	9	7
208	10	7
208	11	7
208	12	7
208	13	7
208	14	7
208	15	7
208	16	7
208	17	7
208	18	7
208	19	7
208	20	7
208	21	7
208	22	7
208	23	7
208	24	7
209	1	7
209	2	7
209	3	7
209	4	7
209	5	7
209	6	7
209	7	7
209	8	7
209	9	7
209	10	7
209	11	7
209	12	7
209	13	7
209	14	7
209	15	7
209	16	7
209	17	7
209	18	7
209	19	7
209	20	7
209	21	7
209	22	7
209	23	7
209	24	7
210	1	7
210	2	7
210	3	7
210	4	7
210	5	7
210	6	7
210	7	7
210	8	7
210	9	7
210	10	7
210	11	7
210	12	7
210	13	7
210	14	7
210	15	7
210	16	7
210	17	7
210	18	7
210	19	7
210	20	7
210	21	7
210	22	7
210	23	5
210	24	7
211	1	7
211	2	7
211	3	7
211	4	7
211	5	7
211	6	7
211	7	7
211	8	7
211	9	7
211	10	7
211	11	7
211	12	7
211	13	7
211	14	7
211	15	7
211	16	7
211	17	7
211	18	7
211	19	7
211	20	7
211	21	7
211	22	7
211	23	7
211	24	7
212	1	7
212	2	7
212	3	7
212	4	7
212	5	7
212	6	7
212	7	7
212	8	7
212	9	7
212	10	7
212	11	7
212	12	7
212	13	7
212	14	7
212	15	7
212	16	7
212	17	7
212	18	7
212	19	7
212	20	7
212	21	7
212	22	7
212	23	7
212	24	7
213	1	7
213	2	7
213	3	7
213	4	7
213	5	7
213	6	7
213	7	7
213	8	7
213	9	7
213	10	7
213	11	7
213	12	7
213	13	7
213	14	7
213	15	7
213	16	7
213	17	7
213	18	7
213	19	7
213	20	7
213	21	7
213	22	7
213	23	7
213	24	7
214	1	7
214	2	7
214	3	7
214	4	7
214	5	7
214	6	7
214	7	7
214	8	7
214	9	7
214	10	7
214	11	7
214	12	7
214	13	7
214	14	7
214	15	7
214	16	7
214	17	7
214	18	7
214	19	7
214	20	7
214	21	7
214	22	7
214	23	7
214	24	7
215	1	7
215	2	7
215	3	7
215	4	7
215	5	7
215	6	7
215	7	7
215	8	7
215	9	7
215	10	7
215	11	1
215	12	7
215	13	7
215	14	7
215	15	7
215	16	7
215	17	7
215	18	7
215	19	7
215	20	7
215	21	7
215	22	7
215	23	1
215	24	1
216	1	7
216	2	7
216	3	7
216	4	7
216	5	7
216	6	7
216	7	7
216	8	7
216	9	7
216	10	7
216	11	1
216	12	7
216	13	7
216	14	7
216	15	7
216	16	7
216	17	7
216	18	7
216	19	7
216	20	7
216	21	7
216	22	7
216	23	1
216	24	7
217	1	7
217	2	7
217	3	7
217	4	7
217	5	7
217	6	7
217	7	7
217	8	7
217	9	7
217	10	7
217	11	1
217	12	7
217	13	7
217	14	7
217	15	7
217	16	7
217	17	7
217	18	7
217	19	7
217	20	7
217	21	7
217	22	7
217	23	1
217	24	7
218	1	7
218	2	7
218	3	7
218	4	7
218	5	7
218	6	7
218	7	7
218	8	7
218	9	7
218	10	7
218	11	1
218	12	7
218	13	7
218	14	7
218	15	7
218	16	7
218	17	7
218	18	7
218	19	7
218	20	7
218	21	7
218	22	7
218	23	1
218	24	7
219	1	7
219	2	7
219	3	7
219	4	7
219	5	7
219	6	7
219	7	7
219	8	7
219	9	7
219	10	7
219	11	7
219	12	7
219	13	7
219	14	7
219	15	7
219	16	7
219	17	7
219	18	7
219	19	7
219	20	7
219	21	7
219	22	7
219	23	7
219	24	1
220	1	7
220	2	7
220	3	7
220	4	7
220	5	7
220	6	7
220	7	7
220	8	7
220	9	7
220	10	7
220	11	7
220	12	7
220	13	7
220	14	7
220	15	7
220	16	7
220	17	7
220	18	7
220	19	7
220	20	7
220	21	7
220	22	7
220	23	7
220	24	7
221	1	7
221	2	7
221	3	7
221	4	7
221	5	7
221	6	7
221	7	5
221	8	7
221	9	7
221	10	7
221	11	7
221	12	7
221	13	7
221	14	7
221	15	7
221	16	7
221	17	7
221	18	7
221	19	7
221	20	7
221	21	7
221	22	7
221	23	7
221	24	7
222	1	7
222	2	7
222	3	7
222	4	7
222	5	7
222	6	7
222	7	7
222	8	7
222	9	7
222	10	7
222	11	7
222	12	7
222	13	7
222	14	7
222	15	7
222	16	7
222	17	7
222	18	7
222	19	7
222	20	7
222	21	7
222	22	7
222	23	7
222	24	7
223	1	7
223	2	7
223	3	7
223	4	7
223	5	7
223	6	7
223	7	7
223	8	7
223	9	7
223	10	7
223	11	7
223	12	7
223	13	7
223	14	7
223	15	7
223	16	7
223	17	7
223	18	7
223	19	7
223	20	7
223	21	7
223	22	7
223	23	7
223	24	1
224	1	7
224	2	7
224	3	7
224	4	7
224	5	7
224	6	7
224	7	7
224	8	7
224	9	7
224	10	7
224	11	7
224	12	7
224	13	7
224	14	7
224	15	7
224	16	7
224	17	7
224	18	7
224	19	7
224	20	7
224	21	7
224	22	7
224	23	7
224	24	7
225	1	7
225	2	7
225	3	7
225	4	7
225	5	7
225	6	7
225	7	7
225	8	7
225	9	7
225	10	7
225	11	7
225	12	7
225	13	7
225	14	7
225	15	7
225	16	7
225	17	7
225	18	7
225	19	7
225	20	7
225	21	7
225	22	7
225	23	7
225	24	1
226	1	7
226	2	7
226	3	7
226	4	7
226	5	7
226	6	7
226	7	7
226	8	7
226	9	7
226	10	7
226	11	7
226	12	7
226	13	7
226	14	7
226	15	7
226	16	7
226	17	7
226	18	7
226	19	7
226	20	7
226	21	7
226	22	7
226	23	7
226	24	7
227	1	7
227	2	7
227	3	7
227	4	7
227	5	7
227	6	7
227	7	7
227	8	7
227	9	7
227	10	7
227	11	7
227	12	7
227	13	7
227	14	7
227	15	7
227	16	7
227	17	7
227	18	7
227	19	7
227	20	7
227	21	7
227	22	7
227	23	7
227	24	7
228	1	7
228	2	7
228	3	7
228	4	7
228	5	7
228	6	7
228	7	7
228	8	7
228	9	7
228	10	7
228	11	7
228	12	7
228	13	7
228	14	7
228	15	7
228	16	7
228	17	7
228	18	7
228	19	7
228	20	7
228	21	7
228	22	7
228	23	7
228	24	7
229	1	7
229	2	7
229	3	7
229	4	7
229	5	7
229	6	7
229	7	7
229	8	7
229	9	7
229	10	7
229	11	7
229	12	7
229	13	7
229	14	7
229	15	7
229	16	7
229	17	7
229	18	7
229	19	7
229	20	7
229	21	7
229	22	7
229	23	7
229	24	1
230	1	7
230	2	7
230	3	7
230	4	7
230	5	7
230	6	7
230	7	7
230	8	7
230	9	7
230	10	7
230	11	7
230	12	7
230	13	7
230	14	7
230	15	7
230	16	7
230	17	7
230	18	7
230	19	7
230	20	7
230	21	7
230	22	7
230	23	7
230	24	7
231	1	7
231	2	7
231	3	7
231	4	7
231	5	7
231	6	7
231	7	7
231	8	7
231	9	7
231	10	7
231	11	7
231	12	7
231	13	7
231	14	7
231	15	7
231	16	7
231	17	7
231	18	7
231	19	7
231	20	7
231	21	7
231	22	7
231	23	7
231	24	1
232	1	7
232	2	7
232	3	7
232	4	7
232	5	7
232	6	7
232	7	7
232	8	7
232	9	7
232	10	7
232	11	7
232	12	7
232	13	7
232	14	7
232	15	7
232	16	7
232	17	7
232	18	7
232	19	7
232	20	7
232	21	7
232	22	7
232	23	7
232	24	7
233	1	7
233	2	7
233	3	7
233	4	7
233	5	7
233	6	7
233	7	7
233	8	7
233	9	7
233	10	7
233	11	7
233	12	7
233	13	7
233	14	7
233	15	5
233	16	7
233	17	7
233	18	7
233	19	7
233	20	7
233	21	7
233	22	7
233	23	7
233	24	7
234	1	7
234	2	7
234	3	7
234	4	7
234	5	7
234	6	7
234	7	7
234	8	7
234	9	7
234	10	7
234	11	7
234	12	7
234	13	7
234	14	7
234	15	7
234	16	7
234	17	7
234	18	7
234	19	7
234	20	7
234	21	7
234	22	7
234	23	7
234	24	1
235	1	7
235	2	7
235	3	7
235	4	7
235	5	7
235	6	7
235	7	7
235	8	7
235	9	7
235	10	7
235	11	7
235	12	7
235	13	7
235	14	7
235	15	7
235	16	7
235	17	7
235	18	7
235	19	7
235	20	7
235	21	7
235	22	7
235	23	7
235	24	7
236	1	7
236	2	7
236	3	7
236	4	7
236	5	7
236	6	7
236	7	7
236	8	7
236	9	7
236	10	7
236	11	7
236	12	7
236	13	7
236	14	7
236	15	7
236	16	7
236	17	7
236	18	7
236	19	7
236	20	7
236	21	7
236	22	7
236	23	7
236	24	1
237	1	7
237	2	7
237	3	7
237	4	7
237	5	7
237	6	7
237	7	7
237	8	7
237	9	7
237	10	7
237	11	7
237	12	7
237	13	2
237	14	7
237	15	2
237	16	2
237	17	7
237	18	7
237	19	7
237	20	7
237	21	7
237	22	7
237	23	7
237	24	1
238	1	7
238	2	7
238	3	7
238	4	7
238	5	7
238	6	7
238	7	7
238	8	7
238	9	7
238	10	7
238	11	7
238	12	7
238	13	7
238	14	7
238	15	7
238	16	7
238	17	7
238	18	7
238	19	7
238	20	7
238	21	7
238	22	7
238	23	7
238	24	7
239	1	2
239	2	2
239	3	2
239	4	2
239	5	2
239	6	2
239	7	2
239	8	2
239	9	2
239	10	2
239	11	2
239	12	2
239	13	7
239	14	7
239	15	7
239	16	7
239	17	7
239	18	7
239	19	2
239	20	2
239	21	2
239	22	2
239	23	2
239	24	2
240	1	7
240	2	7
240	3	7
240	4	7
240	5	7
240	6	7
240	7	7
240	8	7
240	9	7
240	10	7
240	11	7
240	12	7
240	13	7
240	14	7
240	15	7
240	16	7
240	17	7
240	18	7
240	19	7
240	20	7
240	21	7
240	22	7
240	23	7
240	24	7
241	1	7
241	2	7
241	3	7
241	4	7
241	5	7
241	6	7
241	7	7
241	8	7
241	9	7
241	10	7
241	11	7
241	12	7
241	13	7
241	14	7
241	15	7
241	16	7
241	17	7
241	18	7
241	19	7
241	20	7
241	21	7
241	22	7
241	23	7
241	24	7
242	1	7
242	2	7
242	3	7
242	4	7
242	5	7
242	6	7
242	7	7
242	8	7
242	9	7
242	10	7
242	11	7
242	12	7
242	13	7
242	14	7
242	15	7
242	16	7
242	17	4
242	18	7
242	19	7
242	20	7
242	21	7
242	22	7
242	23	7
242	24	7
243	1	7
243	2	7
243	3	7
243	4	7
243	5	7
243	6	7
243	7	7
243	8	7
243	9	7
243	10	7
243	11	7
243	12	7
243	13	7
243	14	7
243	15	7
243	16	7
243	17	7
243	18	7
243	19	7
243	20	7
243	21	7
243	22	7
243	23	7
243	24	7
244	1	2
244	2	2
244	3	2
244	4	2
244	5	2
244	6	2
244	7	2
244	8	2
244	9	2
244	10	2
244	11	2
244	12	2
244	13	2
244	14	2
244	15	2
244	16	2
244	17	2
244	18	2
244	19	2
244	20	2
244	21	2
244	22	2
244	23	2
244	24	1
245	1	2
245	2	2
245	3	2
245	4	2
245	5	2
245	6	2
245	7	2
245	8	2
245	9	2
245	10	2
245	11	2
245	12	2
245	13	2
245	14	2
245	15	2
245	16	2
245	17	2
245	18	2
245	19	2
245	20	2
245	21	2
245	22	2
245	23	2
245	24	2
246	1	7
246	2	7
246	3	7
246	4	7
246	5	7
246	6	7
246	7	7
246	8	7
246	9	7
246	10	7
246	11	7
246	12	7
246	13	7
246	14	7
246	15	7
246	16	7
246	17	7
246	18	7
246	19	7
246	20	7
246	21	7
246	22	7
246	23	7
246	24	7
247	1	7
247	2	7
247	3	7
247	4	7
247	5	7
247	6	7
247	7	7
247	8	7
247	9	7
247	10	7
247	11	7
247	12	7
247	13	7
247	14	7
247	15	7
247	16	7
247	17	7
247	18	7
247	19	7
247	20	7
247	21	7
247	22	7
247	23	7
247	24	7
248	1	7
248	2	7
248	3	7
248	4	7
248	5	7
248	6	7
248	7	7
248	8	7
248	9	7
248	10	7
248	11	7
248	12	7
248	13	7
248	14	7
248	15	7
248	16	7
248	17	7
248	18	7
248	19	7
248	20	7
248	21	7
248	22	7
248	23	7
248	24	7
249	1	7
249	2	7
249	3	7
249	4	7
249	5	7
249	6	7
249	7	7
249	8	7
249	9	7
249	10	7
249	11	7
249	12	7
249	13	7
249	14	7
249	15	7
249	16	7
249	17	7
249	18	7
249	19	7
249	20	7
249	21	7
249	22	7
249	23	7
249	24	7
250	1	1
250	2	1
250	3	1
250	4	1
250	5	1
250	6	1
250	7	1
250	8	1
250	9	1
250	10	1
250	11	1
250	12	1
250	13	1
250	14	1
250	15	1
250	16	1
250	17	1
250	18	1
250	19	1
250	20	1
250	21	1
250	22	1
250	23	1
250	24	1
251	1	7
251	2	2
251	3	2
251	4	7
251	5	7
251	6	7
251	7	7
251	8	7
251	9	7
251	10	7
251	11	7
251	12	7
251	13	7
251	14	7
251	15	7
251	16	7
251	17	7
251	18	7
251	19	7
251	20	7
251	21	7
251	22	7
251	23	7
251	24	7
252	1	7
252	2	7
252	3	7
252	4	7
252	5	7
252	6	7
252	7	7
252	8	7
252	9	7
252	10	7
252	11	7
252	12	7
252	13	7
252	14	7
252	15	7
252	16	7
252	17	7
252	18	7
252	19	7
252	20	7
252	21	7
252	22	7
252	23	7
252	24	7
253	1	7
253	2	7
253	3	7
253	4	7
253	5	7
253	6	7
253	7	7
253	8	7
253	9	7
253	10	7
253	11	7
253	12	7
253	13	7
253	14	7
253	15	7
253	16	7
253	17	7
253	18	7
253	19	7
253	20	7
253	21	7
253	22	7
253	23	7
253	24	7
254	1	7
254	2	7
254	3	7
254	4	7
254	5	7
254	6	7
254	7	7
254	8	7
254	9	7
254	10	7
254	11	7
254	12	7
254	13	7
254	14	7
254	15	7
254	16	7
254	17	7
254	18	7
254	19	7
254	20	7
254	21	7
254	22	7
254	23	7
254	24	7
255	1	7
255	2	7
255	3	7
255	4	7
255	5	7
255	6	7
255	7	7
255	8	7
255	9	7
255	10	7
255	11	7
255	12	7
255	13	7
255	14	7
255	15	7
255	16	7
255	17	7
255	18	7
255	19	7
255	20	7
255	21	7
255	22	7
255	23	7
255	24	1
256	1	7
256	2	7
256	3	7
256	4	7
256	5	7
256	6	7
256	7	7
256	8	7
256	9	7
256	10	7
256	11	7
256	12	7
256	13	7
256	14	7
256	15	2
256	16	7
256	17	7
256	18	7
256	19	7
256	20	7
256	21	7
256	22	7
256	23	7
256	24	1
257	1	7
257	2	7
257	3	7
257	4	7
257	5	7
257	6	7
257	7	7
257	8	7
257	9	7
257	10	7
257	11	7
257	12	5
257	13	5
257	14	5
257	15	5
257	16	5
257	17	5
257	18	5
257	19	5
257	20	5
257	21	5
257	22	5
257	23	5
257	24	5
258	1	7
258	2	7
258	3	7
258	4	7
258	5	7
258	6	7
258	7	7
258	8	7
258	9	7
258	10	7
258	11	7
258	12	7
258	13	7
258	14	7
258	15	7
258	16	7
258	17	7
258	18	7
258	19	7
258	20	7
258	21	7
258	22	7
258	23	7
258	24	7
259	1	7
259	2	7
259	3	7
259	4	7
259	5	7
259	6	7
259	7	7
259	8	7
259	9	7
259	10	7
259	11	7
259	12	7
259	13	7
259	14	7
259	15	7
259	16	7
259	17	7
259	18	7
259	19	7
259	20	7
259	21	7
259	22	7
259	23	7
259	24	7
260	1	7
260	2	7
260	3	7
260	4	7
260	5	7
260	6	7
260	7	7
260	8	7
260	9	7
260	10	7
260	11	7
260	12	7
260	13	7
260	14	7
260	15	7
260	16	7
260	17	7
260	18	7
260	19	7
260	20	7
260	21	7
260	22	7
260	23	7
260	24	7
261	1	7
261	2	7
261	3	7
261	4	7
261	5	7
261	6	7
261	7	7
261	8	7
261	9	7
261	10	7
261	11	7
261	12	7
261	13	7
261	14	7
261	15	7
261	16	7
261	17	7
261	18	7
261	19	7
261	20	7
261	21	7
261	22	7
261	23	7
261	24	1
262	1	7
262	2	7
262	3	7
262	4	7
262	5	7
262	6	7
262	7	7
262	8	7
262	9	7
262	10	7
262	11	7
262	12	7
262	13	7
262	14	7
262	15	7
262	16	7
262	17	7
262	18	7
262	19	7
262	20	7
262	21	7
262	22	7
262	23	7
262	24	7
263	1	7
263	2	7
263	3	7
263	4	7
263	5	7
263	6	7
263	7	7
263	8	7
263	9	7
263	10	7
263	11	7
263	12	7
263	13	7
263	14	7
263	15	7
263	16	7
263	17	7
263	18	7
263	19	7
263	20	7
263	21	7
263	22	7
263	23	7
263	24	7
264	1	7
264	2	7
264	3	7
264	4	7
264	5	7
264	6	7
264	7	7
264	8	7
264	9	7
264	10	7
264	11	7
264	12	7
264	13	7
264	14	7
264	15	7
264	16	7
264	17	7
264	18	7
264	19	7
264	20	7
264	21	7
264	22	7
264	23	7
264	24	7
265	1	7
265	2	7
265	3	7
265	4	7
265	5	7
265	6	7
265	7	7
265	8	7
265	9	7
265	10	7
265	11	7
265	12	7
265	13	7
265	14	7
265	15	7
265	16	7
265	17	7
265	18	7
265	19	7
265	20	7
265	21	7
265	22	7
265	23	7
265	24	7
266	1	7
266	2	7
266	3	7
266	4	7
266	5	7
266	6	7
266	7	7
266	8	7
266	9	7
266	10	7
266	11	7
266	12	7
266	13	7
266	14	7
266	15	7
266	16	7
266	17	7
266	18	7
266	19	7
266	20	7
266	21	7
266	22	7
266	23	7
266	24	7
267	1	7
267	2	7
267	3	7
267	4	7
267	5	7
267	6	7
267	7	7
267	8	7
267	9	7
267	10	7
267	11	7
267	12	7
267	13	7
267	14	7
267	15	7
267	16	7
267	17	7
267	18	7
267	19	7
267	20	7
267	21	7
267	22	7
267	23	7
267	24	1
268	1	7
268	2	7
268	3	7
268	4	7
268	5	7
268	6	7
268	7	7
268	8	7
268	9	7
268	10	7
268	11	7
268	12	5
268	13	5
268	14	5
268	15	5
268	16	5
268	17	5
268	18	5
268	19	5
268	20	5
268	21	5
268	22	5
268	23	5
268	24	5
269	1	7
269	2	7
269	3	7
269	4	7
269	5	7
269	6	7
269	7	7
269	8	7
269	9	7
269	10	7
269	11	7
269	12	7
269	13	7
269	14	7
269	15	7
269	16	7
269	17	7
269	18	7
269	19	7
269	20	7
269	21	7
269	22	7
269	23	7
269	24	7
270	1	7
270	2	7
270	3	7
270	4	7
270	5	7
270	6	7
270	7	7
270	8	7
270	9	7
270	10	7
270	11	7
270	12	7
270	13	7
270	14	7
270	15	7
270	16	7
270	17	7
270	18	7
270	19	7
270	20	7
270	21	7
270	22	7
270	23	7
270	24	7
271	1	7
271	2	7
271	3	7
271	4	7
271	5	7
271	6	7
271	7	5
271	8	7
271	9	7
271	10	7
271	11	7
271	12	7
271	13	7
271	14	7
271	15	7
271	16	7
271	17	7
271	18	7
271	19	5
271	20	7
271	21	7
271	22	7
271	23	7
271	24	1
272	1	7
272	2	7
272	3	7
272	4	7
272	5	7
272	6	7
272	7	7
272	8	7
272	9	7
272	10	7
272	11	7
272	12	7
272	13	7
272	14	7
272	15	7
272	16	7
272	17	7
272	18	7
272	19	7
272	20	7
272	21	7
272	22	7
272	23	7
272	24	7
273	1	7
273	2	7
273	3	7
273	4	7
273	5	7
273	6	7
273	7	7
273	8	7
273	9	7
273	10	7
273	11	7
273	12	7
273	13	7
273	14	7
273	15	7
273	16	7
273	17	7
273	18	7
273	19	7
273	20	7
273	21	7
273	22	7
273	23	7
273	24	7
274	1	7
274	2	7
274	3	7
274	4	7
274	5	7
274	6	7
274	7	7
274	8	7
274	9	7
274	10	7
274	11	7
274	12	7
274	13	7
274	14	7
274	15	7
274	16	7
274	17	7
274	18	7
274	19	7
274	20	7
274	21	7
274	22	7
274	23	7
274	24	7
275	1	7
275	2	7
275	3	7
275	4	7
275	5	7
275	6	7
275	7	7
275	8	7
275	9	7
275	10	7
275	11	7
275	12	7
275	13	7
275	14	7
275	15	7
275	16	7
275	17	7
275	18	7
275	19	7
275	20	7
275	21	7
275	22	7
275	23	7
275	24	7
276	1	7
276	2	7
276	3	7
276	4	7
276	5	7
276	6	7
276	7	7
276	8	7
276	9	7
276	10	7
276	11	2
276	12	1
276	13	1
276	14	1
276	15	1
276	16	1
276	17	1
276	18	4
276	19	7
276	20	7
276	21	7
276	22	7
276	23	7
276	24	1
277	1	7
277	2	7
277	3	7
277	4	7
277	5	7
277	6	7
277	7	7
277	8	7
277	9	7
277	10	7
277	11	7
277	12	7
277	13	7
277	14	7
277	15	7
277	16	7
277	17	7
277	18	7
277	19	7
277	20	7
277	21	7
277	22	7
277	23	7
277	24	7
278	1	7
278	2	7
278	3	5
278	4	7
278	5	7
278	6	7
278	7	7
278	8	5
278	9	7
278	10	7
278	11	7
278	12	7
278	13	7
278	14	7
278	15	7
278	16	7
278	17	7
278	18	7
278	19	7
278	20	7
278	21	7
278	22	7
278	23	7
278	24	1
279	1	7
279	2	7
279	3	7
279	4	7
279	5	7
279	6	7
279	7	7
279	8	7
279	9	7
279	10	7
279	11	7
279	12	7
279	13	7
279	14	7
279	15	7
279	16	7
279	17	7
279	18	7
279	19	7
279	20	7
279	21	7
279	22	7
279	23	7
279	24	7
280	1	7
280	2	7
280	3	7
280	4	7
280	5	7
280	6	7
280	7	7
280	8	7
280	9	7
280	10	7
280	11	7
280	12	7
280	13	7
280	14	7
280	15	7
280	16	7
280	17	7
280	18	7
280	19	7
280	20	7
280	21	7
280	22	7
280	23	7
280	24	7
281	1	7
281	2	7
281	3	7
281	4	7
281	5	7
281	6	7
281	7	7
281	8	7
281	9	7
281	10	7
281	11	7
281	12	7
281	13	7
281	14	7
281	15	7
281	16	7
281	17	7
281	18	7
281	19	7
281	20	7
281	21	7
281	22	7
281	23	7
281	24	7
282	1	7
282	2	7
282	3	7
282	4	7
282	5	7
282	6	7
282	7	7
282	8	7
282	9	7
282	10	7
282	11	7
282	12	7
282	13	7
282	14	7
282	15	7
282	16	7
282	17	7
282	18	7
282	19	7
282	20	7
282	21	7
282	22	7
282	23	7
282	24	7
283	1	7
283	2	7
283	3	7
283	4	7
283	5	7
283	6	7
283	7	7
283	8	7
283	9	7
283	10	7
283	11	7
283	12	7
283	13	7
283	14	7
283	15	7
283	16	7
283	17	2
283	18	7
283	19	7
283	20	7
283	21	7
283	22	7
283	23	7
283	24	1
284	1	7
284	2	7
284	3	7
284	4	7
284	5	7
284	6	7
284	7	7
284	8	7
284	9	7
284	10	7
284	11	7
284	12	7
284	13	7
284	14	7
284	15	7
284	16	7
284	17	7
284	18	7
284	19	7
284	20	7
284	21	7
284	22	7
284	23	7
284	24	5
285	1	7
285	2	5
285	3	7
285	4	7
285	5	5
285	6	7
285	7	7
285	8	7
285	9	7
285	10	7
285	11	7
285	12	7
285	13	7
285	14	7
285	15	7
285	16	7
285	17	7
285	18	7
285	19	7
285	20	7
285	21	7
285	22	7
285	23	7
285	24	1
286	1	7
286	2	7
286	3	7
286	4	5
286	5	7
286	6	7
286	7	7
286	8	7
286	9	7
286	10	7
286	11	7
286	12	7
286	13	7
286	14	7
286	15	7
286	16	7
286	17	7
286	18	7
286	19	7
286	20	7
286	21	7
286	22	7
286	23	7
286	24	5
287	1	7
287	2	7
287	3	7
287	4	7
287	5	7
287	6	7
287	7	7
287	8	7
287	9	7
287	10	7
287	11	7
287	12	7
287	13	7
287	14	7
287	15	7
287	16	7
287	17	7
287	18	7
287	19	7
287	20	7
287	21	7
287	22	7
287	23	7
287	24	7
