day	hour	value
1	1	7
1	2	7
1	3	7
1	4	7
1	5	7
1	6	7
1	7	7
1	8	7
1	9	7
1	10	7
1	11	7
1	12	7
1	13	7
1	14	7
1	15	1
1	16	1
1	17	1
1	18	1
1	19	1
1	20	1
1	21	1
1	22	1
1	23	1
1	24	1
2	1	7
2	2	7
2	3	7
2	4	7
2	5	7
2	6	7
2	7	7
2	8	7
2	9	7
2	10	7
2	11	7
2	12	7
2	13	7
2	14	7
2	15	1
2	16	1
2	17	1
2	18	1
2	19	1
2	20	1
2	21	1
2	22	1
2	23	1
2	24	1
3	1	5
3	2	5
3	3	5
3	4	5
3	5	5
3	6	5
3	7	5
3	8	5
3	9	5
3	10	5
3	11	5
3	12	5
3	13	5
3	14	5
3	15	1
3	16	1
3	17	1
3	18	1
3	19	1
3	20	1
3	21	1
3	22	1
3	23	1
3	24	1
4	1	7
4	2	7
4	3	7
4	4	7
4	5	7
4	6	7
4	7	7
4	8	7
4	9	7
4	10	7
4	11	7
4	12	7
4	13	7
4	14	7
4	15	1
4	16	1
4	17	1
4	18	1
4	19	1
4	20	1
4	21	1
4	22	1
4	23	1
4	24	1
5	1	7
5	2	7
5	3	7
5	4	7
5	5	7
5	6	7
5	7	7
5	8	7
5	9	7
5	10	7
5	11	7
5	12	7
5	13	7
5	14	7
5	15	1
5	16	1
5	17	1
5	18	1
5	19	1
5	20	1
5	21	1
5	22	1
5	23	1
5	24	1
6	1	7
6	2	7
6	3	7
6	4	7
6	5	7
6	6	7
6	7	7
6	8	1
6	9	7
6	10	7
6	11	7
6	12	7
6	13	7
6	14	7
6	15	1
6	16	1
6	17	1
6	18	1
6	19	1
6	20	1
6	21	1
6	22	1
6	23	1
6	24	1
7	1	7
7	2	7
7	3	7
7	4	7
7	5	7
7	6	7
7	7	7
7	8	1
7	9	7
7	10	7
7	11	7
7	12	7
7	13	7
7	14	7
7	15	1
7	16	1
7	17	1
7	18	1
7	19	1
7	20	1
7	21	1
7	22	1
7	23	1
7	24	1
8	1	7
8	2	7
8	3	7
8	4	7
8	5	7
8	6	7
8	7	7
8	8	1
8	9	7
8	10	7
8	11	7
8	12	7
8	13	7
8	14	7
8	15	1
8	16	1
8	17	1
8	18	1
8	19	1
8	20	1
8	21	1
8	22	1
8	23	1
8	24	1
9	1	7
9	2	7
9	3	7
9	4	7
9	5	7
9	6	7
9	7	7
9	8	1
9	9	7
9	10	7
9	11	7
9	12	7
9	13	7
9	14	7
9	15	1
9	16	1
9	17	1
9	18	1
9	19	1
9	20	1
9	21	1
9	22	1
9	23	1
9	24	1
10	1	7
10	2	7
10	3	7
10	4	7
10	5	7
10	6	7
10	7	7
10	8	1
10	9	7
10	10	2
10	11	2
10	12	2
10	13	2
10	14	2
10	15	1
10	16	1
10	17	1
10	18	1
10	19	1
10	20	1
10	21	1
10	22	1
10	23	1
10	24	1
11	1	7
11	2	7
11	3	7
11	4	7
11	5	7
11	6	7
11	7	7
11	8	1
11	9	7
11	10	7
11	11	7
11	12	7
11	13	7
11	14	7
11	15	1
11	16	1
11	17	1
11	18	1
11	19	1
11	20	1
11	21	1
11	22	1
11	23	1
11	24	1
12	1	7
12	2	7
12	3	7
12	4	7
12	5	7
12	6	7
12	7	7
12	8	1
12	9	7
12	10	7
12	11	7
12	12	7
12	13	7
12	14	7
12	15	1
12	16	1
12	17	1
12	18	1
12	19	1
12	20	1
12	21	1
12	22	1
12	23	1
12	24	1
13	1	7
13	2	7
13	3	7
13	4	7
13	5	7
13	6	7
13	7	7
13	8	1
13	9	7
13	10	7
13	11	7
13	12	7
13	13	7
13	14	7
13	15	1
13	16	1
13	17	1
13	18	1
13	19	1
13	20	1
13	21	1
13	22	1
13	23	1
13	24	1
14	1	7
14	2	7
14	3	7
14	4	7
14	5	7
14	6	7
14	7	7
14	8	1
14	9	7
14	10	4
14	11	7
14	12	7
14	13	7
14	14	7
14	15	1
14	16	1
14	17	1
14	18	1
14	19	1
14	20	1
14	21	1
14	22	1
14	23	1
14	24	1
15	1	2
15	2	2
15	3	2
15	4	2
15	5	2
15	6	2
15	7	2
15	8	1
15	9	2
15	10	2
15	11	2
15	12	2
15	13	2
15	14	2
15	15	1
15	16	1
15	17	1
15	18	1
15	19	1
15	20	1
15	21	1
15	22	1
15	23	1
15	24	1
16	1	7
16	2	7
16	3	7
16	4	7
16	5	7
16	6	7
16	7	7
16	8	1
16	9	7
16	10	7
16	11	7
16	12	7
16	13	7
16	14	7
16	15	1
16	16	1
16	17	1
16	18	1
16	19	1
16	20	1
16	21	1
16	22	1
16	23	1
16	24	1
17	1	7
17	2	7
17	3	7
17	4	7
17	5	7
17	6	7
17	7	7
17	8	1
17	9	7
17	10	7
17	11	7
17	12	7
17	13	7
17	14	7
17	15	1
17	16	1
17	17	1
17	18	1
17	19	1
17	20	1
17	21	1
17	22	1
17	23	1
17	24	1
18	1	7
18	2	7
18	3	7
18	4	7
18	5	7
18	6	7
18	7	7
18	8	1
18	9	7
18	10	7
18	11	7
18	12	7
18	13	7
18	14	7
18	15	1
18	16	1
18	17	1
18	18	1
18	19	1
18	20	1
18	21	1
18	22	1
18	23	1
18	24	1
19	1	7
19	2	7
19	3	7
19	4	7
19	5	7
19	6	7
19	7	7
19	8	1
19	9	7
19	10	7
19	11	7
19	12	7
19	13	7
19	14	7
19	15	1
19	16	1
19	17	1
19	18	1
19	19	1
19	20	1
19	21	1
19	22	1
19	23	1
19	24	1
20	1	7
20	2	7
20	3	2
20	4	7
20	5	7
20	6	7
20	7	7
20	8	1
20	9	7
20	10	7
20	11	7
20	12	7
20	13	7
20	14	7
20	15	1
20	16	1
20	17	1
20	18	1
20	19	1
20	20	1
20	21	1
20	22	1
20	23	1
20	24	1
21	1	2
21	2	2
21	3	2
21	4	2
21	5	2
21	6	7
21	7	7
21	8	1
21	9	7
21	10	7
21	11	7
21	12	7
21	13	7
21	14	7
21	15	1
21	16	1
21	17	1
21	18	1
21	19	1
21	20	1
21	21	1
21	22	1
21	23	1
21	24	1
22	1	2
22	2	2
22	3	2
22	4	2
22	5	2
22	6	2
22	7	2
22	8	1
22	9	2
22	10	2
22	11	2
22	12	2
22	13	2
22	14	2
22	15	1
22	16	1
22	17	1
22	18	1
22	19	1
22	20	1
22	21	1
22	22	1
22	23	1
22	24	1
23	1	7
23	2	7
23	3	7
23	4	7
23	5	7
23	6	7
23	7	7
23	8	1
23	9	7
23	10	7
23	11	7
23	12	7
23	13	7
23	14	7
23	15	1
23	16	1
23	17	1
23	18	1
23	19	1
23	20	1
23	21	1
23	22	1
23	23	1
23	24	1
24	1	7
24	2	7
24	3	7
24	4	7
24	5	7
24	6	7
24	7	7
24	8	7
24	9	7
24	10	2
24	11	2
24	12	2
24	13	2
24	14	2
24	15	1
24	16	1
24	17	1
24	18	1
24	19	1
24	20	1
24	21	1
24	22	1
24	23	1
24	24	1
25	1	7
25	2	7
25	3	7
25	4	7
25	5	7
25	6	7
25	7	7
25	8	7
25	9	7
25	10	7
25	11	7
25	12	7
25	13	7
25	14	7
25	15	1
25	16	1
25	17	1
25	18	1
25	19	1
25	20	1
25	21	1
25	22	1
25	23	1
25	24	1
26	1	2
26	2	2
26	3	7
26	4	7
26	5	7
26	6	7
26	7	7
26	8	7
26	9	2
26	10	2
26	11	2
26	12	2
26	13	2
26	14	2
26	15	1
26	16	1
26	17	1
26	18	1
26	19	1
26	20	1
26	21	1
26	22	1
26	23	1
26	24	1
27	1	2
27	2	2
27	3	7
27	4	7
27	5	7
27	6	7
27	7	7
27	8	7
27	9	7
27	10	2
27	11	2
27	12	2
27	13	2
27	14	2
27	15	1
27	16	1
27	17	1
27	18	1
27	19	1
27	20	1
27	21	1
27	22	1
27	23	1
27	24	1
28	1	7
28	2	7
28	3	7
28	4	7
28	5	7
28	6	7
28	7	7
28	8	7
28	9	7
28	10	7
28	11	7
28	12	7
28	13	7
28	14	7
28	15	1
28	16	1
28	17	1
28	18	1
28	19	1
28	20	1
28	21	1
28	22	1
28	23	1
28	24	1
29	1	7
29	2	7
29	3	7
29	4	7
29	5	7
29	6	7
29	7	7
29	8	7
29	9	7
29	10	2
29	11	2
29	12	2
29	13	2
29	14	2
29	15	1
29	16	1
29	17	1
29	18	1
29	19	1
29	20	1
29	21	1
29	22	1
29	23	1
29	24	1
30	1	7
30	2	7
30	3	7
30	4	7
30	5	7
30	6	7
30	7	7
30	8	7
30	9	7
30	10	7
30	11	7
30	12	7
30	13	7
30	14	7
30	15	1
30	16	1
30	17	1
30	18	1
30	19	1
30	20	1
30	21	1
30	22	1
30	23	1
30	24	1
31	1	7
31	2	7
31	3	7
31	4	7
31	5	7
31	6	7
31	7	7
31	8	7
31	9	7
31	10	7
31	11	7
31	12	7
31	13	7
31	14	7
31	15	1
31	16	1
31	17	1
31	18	1
31	19	1
31	20	1
31	21	1
31	22	1
31	23	1
31	24	1
32	1	7
32	2	7
32	3	7
32	4	7
32	5	7
32	6	7
32	7	7
32	8	7
32	9	7
32	10	7
32	11	7
32	12	7
32	13	7
32	14	7
32	15	1
32	16	1
32	17	1
32	18	1
32	19	1
32	20	1
32	21	1
32	22	1
32	23	1
32	24	1
33	1	7
33	2	7
33	3	7
33	4	7
33	5	7
33	6	7
33	7	7
33	8	7
33	9	7
33	10	7
33	11	7
33	12	7
33	13	7
33	14	7
33	15	1
33	16	1
33	17	1
33	18	1
33	19	1
33	20	1
33	21	1
33	22	1
33	23	1
33	24	1
34	1	7
34	2	7
34	3	7
34	4	7
34	5	7
34	6	7
34	7	7
34	8	7
34	9	7
34	10	7
34	11	7
34	12	4
34	13	7
34	14	2
34	15	1
34	16	1
34	17	1
34	18	1
34	19	1
34	20	1
34	21	1
34	22	1
34	23	1
34	24	1
35	1	1
35	2	1
35	3	1
35	4	1
35	5	1
35	6	1
35	7	1
35	8	1
35	9	1
35	10	1
35	11	1
35	12	1
35	13	1
35	14	1
35	15	1
35	16	1
35	17	1
35	18	1
35	19	1
35	20	1
35	21	1
35	22	1
35	23	1
35	24	1
36	1	7
36	2	7
36	3	7
36	4	7
36	5	5
36	6	5
36	7	5
36	8	5
36	9	5
36	10	7
36	11	7
36	12	7
36	13	7
36	14	7
36	15	1
36	16	1
36	17	1
36	18	1
36	19	1
36	20	1
36	21	1
36	22	1
36	23	1
36	24	1
37	1	7
37	2	7
37	3	7
37	4	5
37	5	5
37	6	5
37	7	5
37	8	5
37	9	5
37	10	7
37	11	7
37	12	7
37	13	7
37	14	7
37	15	1
37	16	1
37	17	1
37	18	1
37	19	1
37	20	1
37	21	1
37	22	1
37	23	1
37	24	1
38	1	7
38	2	7
38	3	7
38	4	7
38	5	7
38	6	7
38	7	7
38	8	7
38	9	7
38	10	7
38	11	7
38	12	7
38	13	7
38	14	7
38	15	1
38	16	1
38	17	1
38	18	1
38	19	1
38	20	1
38	21	1
38	22	1
38	23	1
38	24	1
39	1	7
39	2	7
39	3	7
39	4	7
39	5	7
39	6	7
39	7	7
39	8	7
39	9	7
39	10	7
39	11	7
39	12	7
39	13	7
39	14	7
39	15	1
39	16	1
39	17	1
39	18	1
39	19	1
39	20	1
39	21	1
39	22	1
39	23	1
39	24	1
40	1	7
40	2	7
40	3	7
40	4	7
40	5	7
40	6	7
40	7	7
40	8	7
40	9	7
40	10	7
40	11	7
40	12	7
40	13	5
40	14	7
40	15	1
40	16	1
40	17	1
40	18	1
40	19	1
40	20	1
40	21	1
40	22	1
40	23	1
40	24	1
41	1	7
41	2	7
41	3	7
41	4	7
41	5	7
41	6	7
41	7	7
41	8	7
41	9	7
41	10	7
41	11	7
41	12	7
41	13	7
41	14	7
41	15	1
41	16	1
41	17	1
41	18	1
41	19	1
41	20	1
41	21	1
41	22	1
41	23	1
41	24	1
42	1	7
42	2	7
42	3	7
42	4	7
42	5	7
42	6	7
42	7	7
42	8	7
42	9	7
42	10	7
42	11	7
42	12	7
42	13	7
42	14	7
42	15	1
42	16	1
42	17	1
42	18	1
42	19	1
42	20	1
42	21	1
42	22	1
42	23	1
42	24	1
43	1	2
43	2	2
43	3	2
43	4	2
43	5	2
43	6	2
43	7	2
43	8	2
43	9	2
43	10	2
43	11	2
43	12	2
43	13	2
43	14	2
43	15	1
43	16	1
43	17	1
43	18	1
43	19	1
43	20	1
43	21	1
43	22	1
43	23	1
43	24	1
44	1	7
44	2	7
44	3	7
44	4	7
44	5	7
44	6	7
44	7	7
44	8	7
44	9	7
44	10	7
44	11	7
44	12	7
44	13	7
44	14	7
44	15	1
44	16	1
44	17	1
44	18	1
44	19	1
44	20	1
44	21	1
44	22	1
44	23	1
44	24	1
45	1	7
45	2	7
45	3	7
45	4	7
45	5	7
45	6	7
45	7	7
45	8	7
45	9	7
45	10	7
45	11	7
45	12	7
45	13	7
45	14	7
45	15	1
45	16	1
45	17	1
45	18	1
45	19	1
45	20	1
45	21	1
45	22	1
45	23	1
45	24	1
46	1	7
46	2	7
46	3	7
46	4	7
46	5	7
46	6	7
46	7	7
46	8	7
46	9	7
46	10	7
46	11	1
46	12	1
46	13	1
46	14	1
46	15	1
46	16	1
46	17	1
46	18	1
46	19	1
46	20	1
46	21	1
46	22	1
46	23	1
46	24	1
47	1	7
47	2	7
47	3	7
47	4	7
47	5	7
47	6	7
47	7	7
47	8	7
47	9	7
47	10	7
47	11	7
47	12	7
47	13	7
47	14	7
47	15	1
47	16	1
47	17	1
47	18	1
47	19	1
47	20	1
47	21	1
47	22	1
47	23	1
47	24	1
48	1	7
48	2	7
48	3	7
48	4	7
48	5	7
48	6	7
48	7	7
48	8	7
48	9	7
48	10	7
48	11	7
48	12	7
48	13	7
48	14	7
48	15	1
48	16	1
48	17	1
48	18	1
48	19	1
48	20	1
48	21	1
48	22	1
48	23	1
48	24	1
49	1	7
49	2	7
49	3	7
49	4	7
49	5	7
49	6	7
49	7	7
49	8	7
49	9	7
49	10	7
49	11	7
49	12	7
49	13	7
49	14	7
49	15	1
49	16	1
49	17	1
49	18	1
49	19	1
49	20	1
49	21	1
49	22	1
49	23	1
49	24	1
50	1	2
50	2	2
50	3	2
50	4	2
50	5	2
50	6	2
50	7	2
50	8	2
50	9	2
50	10	2
50	11	2
50	12	2
50	13	7
50	14	7
50	15	1
50	16	1
50	17	1
50	18	1
50	19	1
50	20	1
50	21	1
50	22	1
50	23	1
50	24	1
51	1	7
51	2	7
51	3	7
51	4	7
51	5	7
51	6	7
51	7	7
51	8	7
51	9	7
51	10	7
51	11	7
51	12	7
51	13	7
51	14	7
51	15	1
51	16	1
51	17	1
51	18	1
51	19	1
51	20	1
51	21	1
51	22	1
51	23	1
51	24	1
52	1	7
52	2	7
52	3	7
52	4	7
52	5	7
52	6	7
52	7	7
52	8	7
52	9	7
52	10	7
52	11	7
52	12	7
52	13	7
52	14	7
52	15	1
52	16	1
52	17	1
52	18	1
52	19	1
52	20	1
52	21	1
52	22	1
52	23	1
52	24	1
53	1	7
53	2	7
53	3	7
53	4	7
53	5	7
53	6	7
53	7	7
53	8	7
53	9	1
53	10	1
53	11	1
53	12	1
53	13	1
53	14	1
53	15	1
53	16	1
53	17	1
53	18	1
53	19	1
53	20	1
53	21	1
53	22	1
53	23	1
53	24	1
54	1	7
54	2	7
54	3	7
54	4	7
54	5	7
54	6	7
54	7	7
54	8	7
54	9	7
54	10	7
54	11	7
54	12	7
54	13	7
54	14	7
54	15	1
54	16	1
54	17	1
54	18	1
54	19	1
54	20	1
54	21	1
54	22	1
54	23	1
54	24	1
55	1	7
55	2	7
55	3	7
55	4	7
55	5	7
55	6	7
55	7	7
55	8	7
55	9	7
55	10	7
55	11	7
55	12	7
55	13	7
55	14	7
55	15	1
55	16	1
55	17	1
55	18	1
55	19	1
55	20	1
55	21	1
55	22	1
55	23	1
55	24	1
56	1	7
56	2	7
56	3	7
56	4	7
56	5	7
56	6	7
56	7	7
56	8	7
56	9	7
56	10	7
56	11	7
56	12	7
56	13	7
56	14	7
56	15	1
56	16	1
56	17	1
56	18	1
56	19	1
56	20	1
56	21	1
56	22	1
56	23	1
56	24	1
57	1	7
57	2	7
57	3	7
57	4	7
57	5	7
57	6	7
57	7	7
57	8	7
57	9	7
57	10	7
57	11	7
57	12	7
57	13	7
57	14	7
57	15	1
57	16	1
57	17	1
57	18	1
57	19	1
57	20	1
57	21	1
57	22	1
57	23	1
57	24	1
58	1	7
58	2	7
58	3	7
58	4	7
58	5	5
58	6	7
58	7	7
58	8	7
58	9	7
58	10	7
58	11	7
58	12	7
58	13	7
58	14	7
58	15	7
58	16	1
58	17	1
58	18	1
58	19	1
58	20	1
58	21	1
58	22	1
58	23	1
58	24	1
59	1	7
59	2	7
59	3	7
59	4	7
59	5	7
59	6	7
59	7	7
59	8	7
59	9	7
59	10	7
59	11	7
59	12	7
59	13	7
59	14	7
59	15	7
59	16	1
59	17	1
59	18	1
59	19	1
59	20	1
59	21	1
59	22	1
59	23	1
59	24	1
60	1	7
60	2	7
60	3	7
60	4	7
60	5	7
60	6	7
60	7	7
60	8	7
60	9	7
60	10	7
60	11	7
60	12	7
60	13	7
60	14	7
60	15	7
60	16	1
60	17	1
60	18	1
60	19	1
60	20	1
60	21	1
60	22	1
60	23	1
60	24	1
61	1	7
61	2	7
61	3	7
61	4	7
61	5	7
61	6	7
61	7	7
61	8	7
61	9	7
61	10	7
61	11	7
61	12	7
61	13	7
61	14	7
61	15	7
61	16	1
61	17	1
61	18	1
61	19	1
61	20	1
61	21	1
61	22	1
61	23	1
61	24	1
62	1	7
62	2	7
62	3	7
62	4	7
62	5	7
62	6	7
62	7	7
62	8	7
62	9	7
62	10	7
62	11	7
62	12	7
62	13	7
62	14	7
62	15	7
62	16	1
62	17	1
62	18	1
62	19	1
62	20	1
62	21	1
62	22	1
62	23	1
62	24	1
63	1	7
63	2	7
63	3	7
63	4	7
63	5	7
63	6	7
63	7	7
63	8	7
63	9	7
63	10	7
63	11	7
63	12	7
63	13	7
63	14	7
63	15	7
63	16	1
63	17	1
63	18	1
63	19	1
63	20	1
63	21	1
63	22	1
63	23	1
63	24	1
64	1	2
64	2	2
64	3	2
64	4	7
64	5	2
64	6	2
64	7	2
64	8	2
64	9	2
64	10	2
64	11	7
64	12	2
64	13	2
64	14	2
64	15	2
64	16	1
64	17	1
64	18	1
64	19	1
64	20	1
64	21	1
64	22	1
64	23	1
64	24	1
65	1	2
65	2	2
65	3	7
65	4	2
65	5	2
65	6	2
65	7	2
65	8	2
65	9	2
65	10	7
65	11	2
65	12	2
65	13	2
65	14	2
65	15	2
65	16	1
65	17	1
65	18	1
65	19	1
65	20	1
65	21	1
65	22	1
65	23	1
65	24	1
66	1	2
66	2	2
66	3	2
66	4	2
66	5	2
66	6	2
66	7	2
66	8	2
66	9	2
66	10	2
66	11	2
66	12	2
66	13	2
66	14	2
66	15	2
66	16	1
66	17	1
66	18	1
66	19	1
66	20	1
66	21	1
66	22	1
66	23	1
66	24	1
67	1	2
67	2	2
67	3	2
67	4	2
67	5	2
67	6	2
67	7	2
67	8	2
67	9	2
67	10	7
67	11	2
67	12	2
67	13	2
67	14	2
67	15	2
67	16	1
67	17	1
67	18	1
67	19	1
67	20	1
67	21	1
67	22	1
67	23	1
67	24	1
68	1	7
68	2	7
68	3	7
68	4	7
68	5	7
68	6	7
68	7	7
68	8	7
68	9	7
68	10	7
68	11	7
68	12	7
68	13	7
68	14	7
68	15	7
68	16	1
68	17	1
68	18	1
68	19	1
68	20	1
68	21	1
68	22	1
68	23	1
68	24	1
69	1	7
69	2	7
69	3	7
69	4	7
69	5	7
69	6	7
69	7	7
69	8	7
69	9	7
69	10	7
69	11	7
69	12	7
69	13	7
69	14	7
69	15	7
69	16	1
69	17	1
69	18	1
69	19	1
69	20	1
69	21	1
69	22	1
69	23	1
69	24	1
70	1	7
70	2	7
70	3	7
70	4	7
70	5	7
70	6	7
70	7	7
70	8	7
70	9	7
70	10	7
70	11	7
70	12	7
70	13	7
70	14	7
70	15	7
70	16	1
70	17	1
70	18	1
70	19	1
70	20	1
70	21	1
70	22	1
70	23	1
70	24	1
71	1	7
71	2	7
71	3	7
71	4	7
71	5	7
71	6	7
71	7	7
71	8	7
71	9	7
71	10	7
71	11	7
71	12	7
71	13	7
71	14	7
71	15	7
71	16	1
71	17	1
71	18	1
71	19	1
71	20	1
71	21	1
71	22	1
71	23	1
71	24	1
72	1	7
72	2	7
72	3	7
72	4	7
72	5	7
72	6	7
72	7	4
72	8	7
72	9	7
72	10	7
72	11	4
72	12	7
72	13	7
72	14	7
72	15	7
72	16	1
72	17	1
72	18	1
72	19	1
72	20	1
72	21	1
72	22	1
72	23	1
72	24	1
73	1	1
73	2	1
73	3	1
73	4	1
73	5	1
73	6	1
73	7	1
73	8	1
73	9	1
73	10	1
73	11	1
73	12	1
73	13	1
73	14	1
73	15	1
73	16	1
73	17	1
73	18	1
73	19	1
73	20	1
73	21	1
73	22	1
73	23	1
73	24	1
74	1	7
74	2	7
74	3	7
74	4	7
74	5	7
74	6	7
74	7	7
74	8	7
74	9	7
74	10	7
74	11	7
74	12	7
74	13	7
74	14	7
74	15	7
74	16	1
74	17	1
74	18	1
74	19	1
74	20	1
74	21	1
74	22	1
74	23	1
74	24	1
75	1	7
75	2	7
75	3	7
75	4	7
75	5	7
75	6	7
75	7	7
75	8	7
75	9	7
75	10	7
75	11	7
75	12	2
75	13	1
75	14	1
75	15	1
75	16	1
75	17	1
75	18	1
75	19	1
75	20	1
75	21	1
75	22	1
75	23	1
75	24	1
76	1	2
76	2	2
76	3	2
76	4	2
76	5	2
76	6	2
76	7	2
76	8	2
76	9	2
76	10	2
76	11	2
76	12	2
76	13	2
76	14	2
76	15	1
76	16	1
76	17	1
76	18	1
76	19	1
76	20	1
76	21	1
76	22	1
76	23	1
76	24	1
77	1	7
77	2	7
77	3	7
77	4	7
77	5	7
77	6	7
77	7	7
77	8	7
77	9	7
77	10	7
77	11	7
77	12	7
77	13	7
77	14	7
77	15	1
77	16	1
77	17	1
77	18	1
77	19	1
77	20	1
77	21	1
77	22	1
77	23	1
77	24	1
78	1	7
78	2	7
78	3	7
78	4	7
78	5	7
78	6	7
78	7	7
78	8	7
78	9	7
78	10	7
78	11	2
78	12	2
78	13	2
78	14	2
78	15	1
78	16	1
78	17	1
78	18	1
78	19	1
78	20	1
78	21	1
78	22	1
78	23	1
78	24	1
79	1	7
79	2	7
79	3	7
79	4	7
79	5	7
79	6	7
79	7	7
79	8	7
79	9	7
79	10	7
79	11	7
79	12	7
79	13	7
79	14	7
79	15	1
79	16	1
79	17	1
79	18	1
79	19	1
79	20	1
79	21	1
79	22	1
79	23	1
79	24	1
80	1	6
80	2	6
80	3	6
80	4	6
80	5	6
80	6	6
80	7	6
80	8	6
80	9	6
80	10	6
80	11	6
80	12	6
80	13	6
80	14	6
80	15	1
80	16	1
80	17	1
80	18	1
80	19	1
80	20	1
80	21	1
80	22	1
80	23	1
80	24	1
81	1	7
81	2	7
81	3	7
81	4	7
81	5	7
81	6	7
81	7	7
81	8	7
81	9	7
81	10	7
81	11	7
81	12	7
81	13	7
81	14	7
81	15	1
81	16	1
81	17	1
81	18	1
81	19	1
81	20	1
81	21	1
81	22	1
81	23	1
81	24	1
82	1	7
82	2	7
82	3	7
82	4	7
82	5	7
82	6	7
82	7	7
82	8	7
82	9	7
82	10	7
82	11	7
82	12	7
82	13	7
82	14	7
82	15	1
82	16	1
82	17	1
82	18	1
82	19	1
82	20	1
82	21	1
82	22	1
82	23	1
82	24	1
83	1	7
83	2	7
83	3	7
83	4	7
83	5	7
83	6	7
83	7	7
83	8	7
83	9	7
83	10	7
83	11	7
83	12	7
83	13	7
83	14	7
83	15	1
83	16	1
83	17	1
83	18	1
83	19	1
83	20	1
83	21	1
83	22	1
83	23	1
83	24	1
84	1	7
84	2	7
84	3	7
84	4	7
84	5	7
84	6	7
84	7	7
84	8	7
84	9	7
84	10	7
84	11	7
84	12	7
84	13	7
84	14	7
84	15	1
84	16	1
84	17	1
84	18	1
84	19	1
84	20	1
84	21	1
84	22	1
84	23	1
84	24	1
85	1	7
85	2	7
85	3	7
85	4	7
85	5	7
85	6	7
85	7	7
85	8	7
85	9	7
85	10	7
85	11	7
85	12	7
85	13	7
85	14	7
85	15	1
85	16	1
85	17	1
85	18	1
85	19	1
85	20	1
85	21	1
85	22	1
85	23	1
85	24	1
86	1	7
86	2	7
86	3	7
86	4	7
86	5	7
86	6	7
86	7	7
86	8	7
86	9	7
86	10	7
86	11	7
86	12	7
86	13	7
86	14	7
86	15	1
86	16	1
86	17	1
86	18	1
86	19	1
86	20	1
86	21	1
86	22	1
86	23	1
86	24	1
87	1	7
87	2	7
87	3	7
87	4	7
87	5	7
87	6	7
87	7	7
87	8	7
87	9	7
87	10	7
87	11	7
87	12	7
87	13	7
87	14	7
87	15	1
87	16	1
87	17	1
87	18	1
87	19	1
87	20	1
87	21	1
87	22	1
87	23	1
87	24	1
88	1	7
88	2	7
88	3	7
88	4	7
88	5	7
88	6	7
88	7	7
88	8	7
88	9	7
88	10	7
88	11	7
88	12	7
88	13	7
88	14	7
88	15	1
88	16	1
88	17	1
88	18	1
88	19	1
88	20	1
88	21	1
88	22	1
88	23	1
88	24	1
89	1	7
89	2	7
89	3	7
89	4	7
89	5	7
89	6	7
89	7	7
89	8	7
89	9	7
89	10	7
89	11	7
89	12	7
89	13	7
89	14	7
89	15	1
89	16	1
89	17	1
89	18	1
89	19	1
89	20	1
89	21	1
89	22	1
89	23	1
89	24	1
90	1	2
90	2	2
90	3	2
90	4	2
90	5	2
90	6	2
90	7	2
90	8	2
90	9	7
90	10	2
90	11	2
90	12	2
90	13	2
90	14	2
90	15	1
90	16	1
90	17	1
90	18	1
90	19	1
90	20	1
90	21	1
90	22	1
90	23	1
90	24	1
91	1	7
91	2	7
91	3	7
91	4	7
91	5	7
91	6	7
91	7	7
91	8	7
91	9	7
91	10	7
91	11	7
91	12	7
91	13	7
91	14	7
91	15	1
91	16	1
91	17	1
91	18	1
91	19	1
91	20	1
91	21	1
91	22	1
91	23	1
91	24	1
92	1	2
92	2	2
92	3	2
92	4	2
92	5	2
92	6	2
92	7	2
92	8	2
92	9	7
92	10	2
92	11	2
92	12	2
92	13	2
92	14	1
92	15	1
92	16	1
92	17	1
92	18	1
92	19	1
92	20	1
92	21	1
92	22	1
92	23	1
92	24	1
93	1	6
93	2	6
93	3	6
93	4	6
93	5	6
93	6	6
93	7	6
93	8	6
93	9	6
93	10	6
93	11	6
93	12	6
93	13	6
93	14	6
93	15	1
93	16	1
93	17	1
93	18	1
93	19	1
93	20	1
93	21	1
93	22	1
93	23	1
93	24	1
94	1	7
94	2	7
94	3	7
94	4	7
94	5	7
94	6	7
94	7	7
94	8	7
94	9	7
94	10	7
94	11	7
94	12	7
94	13	7
94	14	7
94	15	1
94	16	1
94	17	1
94	18	1
94	19	1
94	20	1
94	21	1
94	22	1
94	23	1
94	24	1
95	1	7
95	2	7
95	3	7
95	4	7
95	5	7
95	6	7
95	7	7
95	8	7
95	9	7
95	10	7
95	11	7
95	12	7
95	13	7
95	14	7
95	15	1
95	16	1
95	17	1
95	18	1
95	19	1
95	20	1
95	21	1
95	22	1
95	23	1
95	24	1
96	1	6
96	2	6
96	3	6
96	4	6
96	5	6
96	6	6
96	7	6
96	8	6
96	9	6
96	10	6
96	11	6
96	12	6
96	13	6
96	14	6
96	15	1
96	16	1
96	17	1
96	18	1
96	19	1
96	20	1
96	21	1
96	22	1
96	23	1
96	24	1
97	1	7
97	2	7
97	3	7
97	4	7
97	5	7
97	6	7
97	7	7
97	8	7
97	9	7
97	10	7
97	11	7
97	12	7
97	13	7
97	14	7
97	15	1
97	16	1
97	17	1
97	18	1
97	19	1
97	20	1
97	21	1
97	22	1
97	23	1
97	24	1
98	1	7
98	2	7
98	3	7
98	4	7
98	5	7
98	6	7
98	7	7
98	8	7
98	9	7
98	10	7
98	11	7
98	12	7
98	13	7
98	14	7
98	15	1
98	16	1
98	17	1
98	18	1
98	19	1
98	20	1
98	21	1
98	22	1
98	23	1
98	24	1
99	1	2
99	2	2
99	3	2
99	4	2
99	5	2
99	6	2
99	7	2
99	8	2
99	9	2
99	10	2
99	11	2
99	12	2
99	13	2
99	14	2
99	15	1
99	16	1
99	17	1
99	18	1
99	19	1
99	20	1
99	21	1
99	22	1
99	23	1
99	24	1
100	1	2
100	2	2
100	3	2
100	4	2
100	5	2
100	6	2
100	7	2
100	8	2
100	9	2
100	10	2
100	11	2
100	12	2
100	13	2
100	14	2
100	15	1
100	16	1
100	17	1
100	18	1
100	19	1
100	20	1
100	21	1
100	22	1
100	23	1
100	24	1
101	1	6
101	2	6
101	3	6
101	4	6
101	5	6
101	6	6
101	7	6
101	8	6
101	9	6
101	10	6
101	11	6
101	12	6
101	13	6
101	14	6
101	15	1
101	16	1
101	17	1
101	18	1
101	19	1
101	20	1
101	21	1
101	22	1
101	23	1
101	24	1
102	1	6
102	2	6
102	3	6
102	4	6
102	5	6
102	6	5
102	7	5
102	8	5
102	9	5
102	10	5
102	11	5
102	12	5
102	13	5
102	14	5
102	15	1
102	16	1
102	17	1
102	18	1
102	19	1
102	20	1
102	21	1
102	22	1
102	23	1
102	24	1
103	1	7
103	2	7
103	3	7
103	4	7
103	5	7
103	6	7
103	7	7
103	8	7
103	9	7
103	10	7
103	11	7
103	12	7
103	13	7
103	14	7
103	15	1
103	16	1
103	17	1
103	18	1
103	19	1
103	20	1
103	21	1
103	22	1
103	23	1
103	24	1
104	1	2
104	2	2
104	3	2
104	4	2
104	5	2
104	6	2
104	7	2
104	8	2
104	9	2
104	10	2
104	11	2
104	12	2
104	13	2
104	14	2
104	15	1
104	16	1
104	17	1
104	18	1
104	19	1
104	20	1
104	21	1
104	22	1
104	23	1
104	24	1
105	1	6
105	2	6
105	3	6
105	4	6
105	5	6
105	6	6
105	7	6
105	8	6
105	9	6
105	10	6
105	11	6
105	12	6
105	13	6
105	14	6
105	15	1
105	16	1
105	17	1
105	18	1
105	19	1
105	20	1
105	21	1
105	22	1
105	23	1
105	24	1
106	1	2
106	2	2
106	3	2
106	4	2
106	5	2
106	6	2
106	7	2
106	8	2
106	9	2
106	10	2
106	11	2
106	12	2
106	13	2
106	14	2
106	15	1
106	16	1
106	17	1
106	18	1
106	19	1
106	20	1
106	21	1
106	22	1
106	23	1
106	24	1
107	1	2
107	2	2
107	3	2
107	4	2
107	5	2
107	6	2
107	7	2
107	8	2
107	9	2
107	10	2
107	11	2
107	12	2
107	13	2
107	14	2
107	15	1
107	16	1
107	17	1
107	18	1
107	19	1
107	20	1
107	21	1
107	22	1
107	23	1
107	24	1
108	1	6
108	2	6
108	3	6
108	4	6
108	5	6
108	6	6
108	7	6
108	8	6
108	9	6
108	10	6
108	11	6
108	12	6
108	13	6
108	14	6
108	15	1
108	16	1
108	17	1
108	18	1
108	19	1
108	20	1
108	21	1
108	22	1
108	23	1
108	24	1
109	1	2
109	2	2
109	3	2
109	4	2
109	5	2
109	6	2
109	7	2
109	8	2
109	9	2
109	10	2
109	11	2
109	12	2
109	13	2
109	14	2
109	15	1
109	16	1
109	17	1
109	18	1
109	19	1
109	20	1
109	21	1
109	22	1
109	23	1
109	24	1
110	1	7
110	2	7
110	3	7
110	4	7
110	5	7
110	6	7
110	7	7
110	8	7
110	9	7
110	10	7
110	11	7
110	12	7
110	13	7
110	14	7
110	15	1
110	16	1
110	17	1
110	18	1
110	19	1
110	20	1
110	21	1
110	22	1
110	23	1
110	24	1
111	1	7
111	2	7
111	3	7
111	4	7
111	5	7
111	6	7
111	7	7
111	8	7
111	9	2
111	10	2
111	11	2
111	12	2
111	13	2
111	14	2
111	15	1
111	16	1
111	17	1
111	18	1
111	19	1
111	20	1
111	21	1
111	22	1
111	23	1
111	24	1
112	1	1
112	2	1
112	3	1
112	4	1
112	5	1
112	6	1
112	7	1
112	8	1
112	9	1
112	10	1
112	11	1
112	12	1
112	13	1
112	14	1
112	15	1
112	16	1
112	17	1
112	18	1
112	19	1
112	20	1
112	21	1
112	22	1
112	23	1
112	24	1
113	1	2
113	2	2
113	3	2
113	4	2
113	5	2
113	6	2
113	7	2
113	8	2
113	9	2
113	10	2
113	11	2
113	12	2
113	13	2
113	14	2
113	15	1
113	16	1
113	17	1
113	18	1
113	19	1
113	20	1
113	21	1
113	22	1
113	23	1
113	24	1
114	1	1
114	2	1
114	3	1
114	4	1
114	5	1
114	6	1
114	7	1
114	8	1
114	9	1
114	10	1
114	11	1
114	12	1
114	13	1
114	14	1
114	15	1
114	16	1
114	17	1
114	18	1
114	19	1
114	20	1
114	21	1
114	22	1
114	23	1
114	24	1
115	1	1
115	2	1
115	3	1
115	4	1
115	5	1
115	6	1
115	7	1
115	8	1
115	9	1
115	10	1
115	11	1
115	12	1
115	13	1
115	14	1
115	15	1
115	16	1
115	17	1
115	18	1
115	19	1
115	20	1
115	21	1
115	22	1
115	23	1
115	24	1
116	1	1
116	2	1
116	3	1
116	4	1
116	5	1
116	6	1
116	7	1
116	8	1
116	9	1
116	10	1
116	11	1
116	12	1
116	13	1
116	14	1
116	15	1
116	16	1
116	17	1
116	18	1
116	19	1
116	20	1
116	21	1
116	22	1
116	23	1
116	24	1
117	1	1
117	2	1
117	3	1
117	4	1
117	5	1
117	6	1
117	7	1
117	8	1
117	9	1
117	10	1
117	11	1
117	12	1
117	13	1
117	14	1
117	15	1
117	16	1
117	17	1
117	18	1
117	19	1
117	20	1
117	21	1
117	22	1
117	23	1
117	24	1
118	1	1
118	2	1
118	3	1
118	4	1
118	5	1
118	6	1
118	7	1
118	8	1
118	9	1
118	10	1
118	11	1
118	12	1
118	13	1
118	14	1
118	15	1
118	16	1
118	17	1
118	18	1
118	19	1
118	20	1
118	21	1
118	22	1
118	23	1
118	24	1
119	1	1
119	2	1
119	3	1
119	4	1
119	5	1
119	6	1
119	7	1
119	8	1
119	9	1
119	10	1
119	11	1
119	12	1
119	13	1
119	14	1
119	15	1
119	16	1
119	17	1
119	18	1
119	19	1
119	20	1
119	21	1
119	22	1
119	23	1
119	24	1
120	1	7
120	2	7
120	3	7
120	4	7
120	5	7
120	6	7
120	7	7
120	8	7
120	9	7
120	10	7
120	11	2
120	12	7
120	13	7
120	14	2
120	15	1
120	16	1
120	17	1
120	18	1
120	19	1
120	20	1
120	21	1
120	22	1
120	23	1
120	24	1
121	1	7
121	2	7
121	3	7
121	4	7
121	5	7
121	6	7
121	7	7
121	8	7
121	9	7
121	10	7
121	11	7
121	12	7
121	13	7
121	14	7
121	15	1
121	16	1
121	17	1
121	18	1
121	19	1
121	20	1
121	21	1
121	22	1
121	23	1
121	24	1
122	1	6
122	2	6
122	3	6
122	4	6
122	5	6
122	6	6
122	7	6
122	8	6
122	9	6
122	10	6
122	11	6
122	12	6
122	13	6
122	14	6
122	15	1
122	16	1
122	17	1
122	18	1
122	19	1
122	20	1
122	21	1
122	22	1
122	23	1
122	24	1
123	1	7
123	2	7
123	3	7
123	4	7
123	5	7
123	6	7
123	7	7
123	8	7
123	9	7
123	10	7
123	11	7
123	12	7
123	13	7
123	14	7
123	15	1
123	16	1
123	17	1
123	18	1
123	19	1
123	20	1
123	21	1
123	22	1
123	23	1
123	24	1
124	1	2
124	2	2
124	3	2
124	4	2
124	5	2
124	6	2
124	7	2
124	8	2
124	9	2
124	10	2
124	11	2
124	12	2
124	13	2
124	14	2
124	15	1
124	16	1
124	17	1
124	18	1
124	19	1
124	20	1
124	21	1
124	22	1
124	23	1
124	24	1
125	1	6
125	2	6
125	3	6
125	4	6
125	5	6
125	6	6
125	7	6
125	8	6
125	9	6
125	10	6
125	11	6
125	12	6
125	13	6
125	14	6
125	15	1
125	16	1
125	17	1
125	18	1
125	19	1
125	20	1
125	21	1
125	22	1
125	23	1
125	24	1
126	1	6
126	2	6
126	3	6
126	4	6
126	5	6
126	6	6
126	7	6
126	8	6
126	9	6
126	10	6
126	11	6
126	12	6
126	13	6
126	14	6
126	15	1
126	16	1
126	17	1
126	18	1
126	19	1
126	20	1
126	21	1
126	22	1
126	23	1
126	24	1
127	1	6
127	2	6
127	3	6
127	4	6
127	5	6
127	6	6
127	7	6
127	8	6
127	9	6
127	10	6
127	11	6
127	12	6
127	13	6
127	14	6
127	15	1
127	16	1
127	17	1
127	18	1
127	19	1
127	20	1
127	21	1
127	22	1
127	23	1
127	24	1
128	1	6
128	2	6
128	3	6
128	4	6
128	5	6
128	6	6
128	7	6
128	8	6
128	9	6
128	10	6
128	11	6
128	12	6
128	13	6
128	14	6
128	15	1
128	16	1
128	17	1
128	18	1
128	19	1
128	20	1
128	21	1
128	22	1
128	23	1
128	24	1
129	1	7
129	2	7
129	3	7
129	4	7
129	5	7
129	6	7
129	7	7
129	8	7
129	9	7
129	10	7
129	11	7
129	12	7
129	13	7
129	14	7
129	15	1
129	16	1
129	17	1
129	18	1
129	19	1
129	20	1
129	21	1
129	22	1
129	23	1
129	24	1
130	1	2
130	2	2
130	3	2
130	4	2
130	5	2
130	6	2
130	7	2
130	8	2
130	9	2
130	10	2
130	11	2
130	12	2
130	13	2
130	14	2
130	15	1
130	16	1
130	17	1
130	18	1
130	19	1
130	20	1
130	21	1
130	22	1
130	23	1
130	24	1
131	1	7
131	2	7
131	3	7
131	4	7
131	5	7
131	6	7
131	7	7
131	8	7
131	9	7
131	10	7
131	11	7
131	12	7
131	13	7
131	14	7
131	15	1
131	16	1
131	17	1
131	18	1
131	19	1
131	20	1
131	21	1
131	22	1
131	23	1
131	24	1
132	1	2
132	2	2
132	3	2
132	4	2
132	5	2
132	6	2
132	7	2
132	8	2
132	9	2
132	10	2
132	11	2
132	12	2
132	13	2
132	14	2
132	15	1
132	16	1
132	17	1
132	18	1
132	19	1
132	20	1
132	21	1
132	22	1
132	23	1
132	24	1
133	1	6
133	2	6
133	3	6
133	4	6
133	5	6
133	6	6
133	7	6
133	8	6
133	9	6
133	10	6
133	11	6
133	12	5
133	13	5
133	14	5
133	15	1
133	16	1
133	17	1
133	18	1
133	19	1
133	20	1
133	21	1
133	22	1
133	23	1
133	24	1
134	1	2
134	2	2
134	3	2
134	4	2
134	5	2
134	6	2
134	7	2
134	8	2
134	9	2
134	10	2
134	11	2
134	12	2
134	13	2
134	14	2
134	15	1
134	16	1
134	17	1
134	18	1
134	19	1
134	20	1
134	21	1
134	22	1
134	23	1
134	24	1
135	1	6
135	2	6
135	3	6
135	4	6
135	5	6
135	6	6
135	7	6
135	8	6
135	9	6
135	10	6
135	11	6
135	12	6
135	13	6
135	14	6
135	15	1
135	16	1
135	17	1
135	18	1
135	19	1
135	20	1
135	21	1
135	22	1
135	23	1
135	24	1
136	1	6
136	2	6
136	3	6
136	4	6
136	5	6
136	6	6
136	7	6
136	8	6
136	9	6
136	10	6
136	11	6
136	12	6
136	13	6
136	14	6
136	15	1
136	16	1
136	17	1
136	18	1
136	19	1
136	20	1
136	21	1
136	22	1
136	23	1
136	24	1
137	1	6
137	2	6
137	3	6
137	4	6
137	5	6
137	6	6
137	7	6
137	8	6
137	9	6
137	10	6
137	11	6
137	12	6
137	13	6
137	14	6
137	15	1
137	16	1
137	17	1
137	18	1
137	19	1
137	20	1
137	21	1
137	22	1
137	23	1
137	24	1
138	1	6
138	2	6
138	3	6
138	4	6
138	5	6
138	6	6
138	7	6
138	8	6
138	9	6
138	10	6
138	11	6
138	12	6
138	13	6
138	14	6
138	15	1
138	16	1
138	17	1
138	18	1
138	19	1
138	20	1
138	21	1
138	22	1
138	23	1
138	24	1
139	1	7
139	2	7
139	3	7
139	4	7
139	5	7
139	6	7
139	7	7
139	8	7
139	9	7
139	10	7
139	11	7
139	12	7
139	13	7
139	14	7
139	15	1
139	16	1
139	17	1
139	18	1
139	19	1
139	20	1
139	21	1
139	22	1
139	23	1
139	24	1
140	1	6
140	2	6
140	3	6
140	4	6
140	5	6
140	6	6
140	7	6
140	8	6
140	9	6
140	10	5
140	11	5
140	12	5
140	13	5
140	14	5
140	15	1
140	16	1
140	17	1
140	18	1
140	19	1
140	20	1
140	21	1
140	22	1
140	23	1
140	24	1
141	1	1
141	2	1
141	3	1
141	4	1
141	5	1
141	6	1
141	7	1
141	8	1
141	9	1
141	10	1
141	11	1
141	12	1
141	13	1
141	14	1
141	15	1
141	16	1
141	17	1
141	18	1
141	19	1
141	20	1
141	21	1
141	22	1
141	23	1
141	24	1
142	1	1
142	2	1
142	3	1
142	4	1
142	5	1
142	6	1
142	7	1
142	8	1
142	9	1
142	10	1
142	11	1
142	12	1
142	13	1
142	14	1
142	15	1
142	16	1
142	17	1
142	18	1
142	19	1
142	20	1
142	21	1
142	22	1
142	23	1
142	24	1
143	1	1
143	2	1
143	3	1
143	4	1
143	5	1
143	6	1
143	7	1
143	8	1
143	9	1
143	10	1
143	11	1
143	12	1
143	13	1
143	14	1
143	15	1
143	16	1
143	17	1
143	18	1
143	19	1
143	20	1
143	21	1
143	22	1
143	23	1
143	24	1
144	1	6
144	2	6
144	3	6
144	4	6
144	5	6
144	6	6
144	7	6
144	8	6
144	9	6
144	10	5
144	11	5
144	12	5
144	13	5
144	14	5
144	15	1
144	16	1
144	17	1
144	18	1
144	19	1
144	20	1
144	21	1
144	22	1
144	23	1
144	24	1
145	1	1
145	2	1
145	3	1
145	4	1
145	5	1
145	6	1
145	7	1
145	8	1
145	9	1
145	10	1
145	11	1
145	12	1
145	13	1
145	14	1
145	15	1
145	16	1
145	17	1
145	18	1
145	19	1
145	20	1
145	21	1
145	22	1
145	23	1
145	24	1
146	1	1
146	2	1
146	3	1
146	4	1
146	5	1
146	6	1
146	7	1
146	8	1
146	9	1
146	10	1
146	11	1
146	12	1
146	13	1
146	14	1
146	15	1
146	16	1
146	17	1
146	18	1
146	19	1
146	20	1
146	21	1
146	22	1
146	23	1
146	24	1
147	1	1
147	2	1
147	3	1
147	4	1
147	5	1
147	6	1
147	7	1
147	8	1
147	9	1
147	10	1
147	11	1
147	12	2
147	13	2
147	14	2
147	15	1
147	16	1
147	17	1
147	18	1
147	19	1
147	20	1
147	21	1
147	22	1
147	23	1
147	24	1
148	1	1
148	2	1
148	3	1
148	4	1
148	5	1
148	6	1
148	7	1
148	8	1
148	9	1
148	10	1
148	11	1
148	12	2
148	13	2
148	14	2
148	15	1
148	16	1
148	17	1
148	18	1
148	19	1
148	20	1
148	21	1
148	22	1
148	23	1
148	24	1
149	1	2
149	2	2
149	3	2
149	4	2
149	5	2
149	6	2
149	7	2
149	8	2
149	9	2
149	10	2
149	11	1
149	12	1
149	13	1
149	14	1
149	15	1
149	16	1
149	17	1
149	18	1
149	19	1
149	20	1
149	21	1
149	22	1
149	23	1
149	24	1
150	1	2
150	2	2
150	3	2
150	4	2
150	5	2
150	6	2
150	7	2
150	8	2
150	9	2
150	10	2
150	11	2
150	12	2
150	13	2
150	14	2
150	15	1
150	16	1
150	17	1
150	18	1
150	19	1
150	20	1
150	21	1
150	22	1
150	23	1
150	24	1
151	1	2
151	2	2
151	3	2
151	4	2
151	5	2
151	6	2
151	7	2
151	8	2
151	9	2
151	10	2
151	11	2
151	12	2
151	13	2
151	14	2
151	15	1
151	16	1
151	17	1
151	18	1
151	19	1
151	20	1
151	21	1
151	22	1
151	23	1
151	24	1
152	1	2
152	2	2
152	3	2
152	4	2
152	5	2
152	6	2
152	7	2
152	8	2
152	9	2
152	10	2
152	11	2
152	12	2
152	13	2
152	14	2
152	15	1
152	16	1
152	17	1
152	18	1
152	19	1
152	20	1
152	21	1
152	22	1
152	23	1
152	24	1
153	1	2
153	2	2
153	3	2
153	4	2
153	5	2
153	6	2
153	7	2
153	8	2
153	9	2
153	10	2
153	11	2
153	12	2
153	13	2
153	14	2
153	15	1
153	16	1
153	17	1
153	18	1
153	19	1
153	20	1
153	21	1
153	22	1
153	23	1
153	24	1
154	1	2
154	2	2
154	3	2
154	4	2
154	5	2
154	6	2
154	7	2
154	8	2
154	9	2
154	10	2
154	11	2
154	12	2
154	13	2
154	14	2
154	15	1
154	16	1
154	17	1
154	18	1
154	19	1
154	20	1
154	21	1
154	22	1
154	23	1
154	24	1
155	1	7
155	2	7
155	3	7
155	4	7
155	5	7
155	6	7
155	7	7
155	8	7
155	9	7
155	10	7
155	11	7
155	12	7
155	13	7
155	14	7
155	15	1
155	16	1
155	17	1
155	18	1
155	19	1
155	20	1
155	21	1
155	22	1
155	23	1
155	24	1
156	1	2
156	2	2
156	3	2
156	4	2
156	5	2
156	6	2
156	7	2
156	8	2
156	9	2
156	10	1
156	11	1
156	12	1
156	13	1
156	14	1
156	15	1
156	16	1
156	17	1
156	18	1
156	19	1
156	20	1
156	21	1
156	22	1
156	23	1
156	24	1
157	1	7
157	2	7
157	3	7
157	4	7
157	5	7
157	6	7
157	7	7
157	8	7
157	9	7
157	10	7
157	11	7
157	12	7
157	13	7
157	14	7
157	15	1
157	16	1
157	17	1
157	18	1
157	19	1
157	20	1
157	21	1
157	22	1
157	23	1
157	24	1
158	1	7
158	2	7
158	3	7
158	4	7
158	5	7
158	6	7
158	7	7
158	8	7
158	9	7
158	10	7
158	11	7
158	12	7
158	13	7
158	14	7
158	15	1
158	16	1
158	17	1
158	18	1
158	19	1
158	20	1
158	21	1
158	22	1
158	23	1
158	24	1
159	1	6
159	2	6
159	3	6
159	4	6
159	5	6
159	6	6
159	7	6
159	8	6
159	9	6
159	10	6
159	11	6
159	12	6
159	13	6
159	14	6
159	15	1
159	16	1
159	17	1
159	18	1
159	19	1
159	20	1
159	21	1
159	22	1
159	23	1
159	24	1
160	1	7
160	2	7
160	3	7
160	4	7
160	5	7
160	6	7
160	7	7
160	8	7
160	9	7
160	10	7
160	11	7
160	12	7
160	13	7
160	14	7
160	15	1
160	16	1
160	17	1
160	18	1
160	19	1
160	20	1
160	21	1
160	22	1
160	23	1
160	24	1
161	1	2
161	2	2
161	3	2
161	4	2
161	5	2
161	6	2
161	7	2
161	8	2
161	9	2
161	10	2
161	11	2
161	12	2
161	13	2
161	14	2
161	15	1
161	16	1
161	17	1
161	18	1
161	19	1
161	20	1
161	21	1
161	22	1
161	23	1
161	24	1
162	1	6
162	2	6
162	3	6
162	4	6
162	5	6
162	6	6
162	7	6
162	8	6
162	9	6
162	10	6
162	11	6
162	12	6
162	13	6
162	14	6
162	15	1
162	16	1
162	17	1
162	18	1
162	19	1
162	20	1
162	21	1
162	22	1
162	23	1
162	24	1
163	1	6
163	2	6
163	3	6
163	4	6
163	5	6
163	6	6
163	7	6
163	8	6
163	9	6
163	10	6
163	11	6
163	12	6
163	13	6
163	14	6
163	15	1
163	16	1
163	17	1
163	18	1
163	19	1
163	20	1
163	21	1
163	22	1
163	23	1
163	24	1
164	1	6
164	2	6
164	3	6
164	4	6
164	5	6
164	6	6
164	7	6
164	8	6
164	9	6
164	10	6
164	11	6
164	12	6
164	13	6
164	14	6
164	15	1
164	16	1
164	17	1
164	18	1
164	19	1
164	20	1
164	21	1
164	22	1
164	23	1
164	24	1
165	1	6
165	2	6
165	3	6
165	4	6
165	5	6
165	6	6
165	7	6
165	8	6
165	9	6
165	10	6
165	11	6
165	12	6
165	13	6
165	14	6
165	15	1
165	16	1
165	17	1
165	18	1
165	19	1
165	20	1
165	21	1
165	22	1
165	23	1
165	24	1
166	1	7
166	2	7
166	3	7
166	4	7
166	5	7
166	6	7
166	7	7
166	8	7
166	9	7
166	10	7
166	11	7
166	12	7
166	13	7
166	14	7
166	15	1
166	16	1
166	17	1
166	18	1
166	19	1
166	20	1
166	21	1
166	22	1
166	23	1
166	24	1
167	1	2
167	2	2
167	3	2
167	4	2
167	5	2
167	6	2
167	7	2
167	8	2
167	9	2
167	10	2
167	11	2
167	12	2
167	13	2
167	14	2
167	15	1
167	16	1
167	17	1
167	18	1
167	19	1
167	20	1
167	21	1
167	22	1
167	23	1
167	24	1
168	1	7
168	2	7
168	3	7
168	4	7
168	5	7
168	6	7
168	7	7
168	8	7
168	9	7
168	10	7
168	11	7
168	12	7
168	13	7
168	14	7
168	15	1
168	16	1
168	17	1
168	18	1
168	19	1
168	20	1
168	21	1
168	22	1
168	23	1
168	24	1
169	1	2
169	2	2
169	3	2
169	4	2
169	5	2
169	6	2
169	7	2
169	8	2
169	9	2
169	10	2
169	11	2
169	12	2
169	13	2
169	14	2
169	15	1
169	16	1
169	17	1
169	18	1
169	19	1
169	20	1
169	21	1
169	22	1
169	23	1
169	24	1
170	1	6
170	2	6
170	3	6
170	4	6
170	5	6
170	6	6
170	7	6
170	8	6
170	9	6
170	10	6
170	11	6
170	12	5
170	13	5
170	14	5
170	15	1
170	16	1
170	17	1
170	18	1
170	19	1
170	20	1
170	21	1
170	22	1
170	23	1
170	24	1
171	1	2
171	2	2
171	3	2
171	4	2
171	5	2
171	6	2
171	7	2
171	8	2
171	9	2
171	10	2
171	11	2
171	12	2
171	13	2
171	14	2
171	15	1
171	16	1
171	17	1
171	18	1
171	19	1
171	20	1
171	21	1
171	22	1
171	23	1
171	24	1
172	1	6
172	2	6
172	3	6
172	4	6
172	5	6
172	6	6
172	7	6
172	8	6
172	9	6
172	10	6
172	11	6
172	12	6
172	13	6
172	14	6
172	15	1
172	16	1
172	17	1
172	18	1
172	19	1
172	20	1
172	21	1
172	22	1
172	23	1
172	24	1
173	1	6
173	2	6
173	3	6
173	4	6
173	5	6
173	6	6
173	7	6
173	8	6
173	9	6
173	10	6
173	11	6
173	12	6
173	13	6
173	14	6
173	15	1
173	16	1
173	17	1
173	18	1
173	19	1
173	20	1
173	21	1
173	22	1
173	23	1
173	24	1
174	1	6
174	2	6
174	3	6
174	4	6
174	5	6
174	6	6
174	7	6
174	8	6
174	9	6
174	10	6
174	11	6
174	12	6
174	13	6
174	14	6
174	15	1
174	16	1
174	17	1
174	18	1
174	19	1
174	20	1
174	21	1
174	22	1
174	23	1
174	24	1
175	1	6
175	2	6
175	3	6
175	4	6
175	5	6
175	6	6
175	7	6
175	8	6
175	9	6
175	10	6
175	11	6
175	12	6
175	13	6
175	14	6
175	15	1
175	16	1
175	17	1
175	18	1
175	19	1
175	20	1
175	21	1
175	22	1
175	23	1
175	24	1
176	1	7
176	2	7
176	3	7
176	4	7
176	5	7
176	6	7
176	7	7
176	8	7
176	9	7
176	10	7
176	11	7
176	12	7
176	13	7
176	14	7
176	15	1
176	16	1
176	17	1
176	18	1
176	19	1
176	20	1
176	21	1
176	22	1
176	23	1
176	24	1
177	1	7
177	2	7
177	3	7
177	4	7
177	5	7
177	6	7
177	7	7
177	8	7
177	9	7
177	10	7
177	11	7
177	12	7
177	13	7
177	14	7
177	15	1
177	16	1
177	17	1
177	18	1
177	19	1
177	20	1
177	21	1
177	22	1
177	23	1
177	24	1
178	1	2
178	2	2
178	3	7
178	4	2
178	5	2
178	6	2
178	7	2
178	8	7
178	9	2
178	10	2
178	11	2
178	12	2
178	13	2
178	14	2
178	15	1
178	16	1
178	17	1
178	18	1
178	19	1
178	20	1
178	21	1
178	22	1
178	23	1
178	24	1
179	1	7
179	2	7
179	3	7
179	4	7
179	5	7
179	6	7
179	7	7
179	8	7
179	9	7
179	10	7
179	11	7
179	12	7
179	13	7
179	14	7
179	15	1
179	16	1
179	17	1
179	18	1
179	19	1
179	20	1
179	21	1
179	22	1
179	23	1
179	24	1
180	1	7
180	2	7
180	3	7
180	4	7
180	5	7
180	6	7
180	7	7
180	8	7
180	9	7
180	10	7
180	11	7
180	12	7
180	13	7
180	14	7
180	15	1
180	16	1
180	17	1
180	18	1
180	19	1
180	20	1
180	21	1
180	22	1
180	23	1
180	24	1
181	1	7
181	2	7
181	3	7
181	4	7
181	5	7
181	6	7
181	7	7
181	8	7
181	9	7
181	10	7
181	11	7
181	12	7
181	13	7
181	14	7
181	15	1
181	16	1
181	17	1
181	18	1
181	19	1
181	20	1
181	21	1
181	22	1
181	23	1
181	24	1
182	1	7
182	2	7
182	3	7
182	4	7
182	5	7
182	6	7
182	7	7
182	8	7
182	9	7
182	10	7
182	11	7
182	12	7
182	13	7
182	14	7
182	15	1
182	16	1
182	17	1
182	18	1
182	19	1
182	20	1
182	21	1
182	22	1
182	23	1
182	24	1
183	1	7
183	2	7
183	3	7
183	4	6
183	5	7
183	6	7
183	7	7
183	8	7
183	9	7
183	10	7
183	11	7
183	12	7
183	13	7
183	14	7
183	15	1
183	16	1
183	17	1
183	18	1
183	19	1
183	20	1
183	21	1
183	22	1
183	23	1
183	24	1
184	1	7
184	2	7
184	3	7
184	4	7
184	5	7
184	6	7
184	7	7
184	8	7
184	9	7
184	10	7
184	11	7
184	12	7
184	13	7
184	14	7
184	15	1
184	16	1
184	17	1
184	18	1
184	19	1
184	20	1
184	21	1
184	22	1
184	23	1
184	24	1
185	1	1
185	2	1
185	3	1
185	4	1
185	5	1
185	6	1
185	7	1
185	8	1
185	9	1
185	10	1
185	11	1
185	12	1
185	13	1
185	14	1
185	15	1
185	16	1
185	17	1
185	18	1
185	19	1
185	20	1
185	21	1
185	22	1
185	23	1
185	24	1
186	1	1
186	2	1
186	3	1
186	4	1
186	5	1
186	6	1
186	7	1
186	8	1
186	9	1
186	10	1
186	11	1
186	12	1
186	13	1
186	14	1
186	15	1
186	16	1
186	17	1
186	18	1
186	19	1
186	20	1
186	21	1
186	22	1
186	23	1
186	24	1
187	1	1
187	2	1
187	3	1
187	4	1
187	5	1
187	6	1
187	7	1
187	8	1
187	9	1
187	10	1
187	11	1
187	12	1
187	13	1
187	14	1
187	15	1
187	16	1
187	17	1
187	18	1
187	19	1
187	20	1
187	21	1
187	22	1
187	23	1
187	24	1
188	1	1
188	2	1
188	3	1
188	4	1
188	5	1
188	6	1
188	7	1
188	8	1
188	9	1
188	10	1
188	11	1
188	12	1
188	13	1
188	14	1
188	15	1
188	16	1
188	17	1
188	18	1
188	19	1
188	20	1
188	21	1
188	22	1
188	23	1
188	24	1
189	1	1
189	2	1
189	3	1
189	4	1
189	5	1
189	6	1
189	7	1
189	8	1
189	9	1
189	10	1
189	11	1
189	12	1
189	13	1
189	14	1
189	15	1
189	16	1
189	17	1
189	18	1
189	19	1
189	20	1
189	21	1
189	22	1
189	23	1
189	24	1
190	1	1
190	2	1
190	3	1
190	4	1
190	5	1
190	6	1
190	7	1
190	8	1
190	9	1
190	10	1
190	11	1
190	12	1
190	13	1
190	14	1
190	15	1
190	16	1
190	17	1
190	18	1
190	19	1
190	20	1
190	21	1
190	22	1
190	23	1
190	24	1
191	1	1
191	2	1
191	3	1
191	4	1
191	5	1
191	6	1
191	7	1
191	8	1
191	9	1
191	10	1
191	11	1
191	12	1
191	13	1
191	14	1
191	15	1
191	16	1
191	17	1
191	18	1
191	19	1
191	20	1
191	21	1
191	22	1
191	23	1
191	24	1
192	1	1
192	2	1
192	3	1
192	4	1
192	5	1
192	6	1
192	7	1
192	8	1
192	9	1
192	10	1
192	11	1
192	12	1
192	13	1
192	14	1
192	15	1
192	16	1
192	17	1
192	18	1
192	19	1
192	20	1
192	21	1
192	22	1
192	23	1
192	24	1
193	1	7
193	2	7
193	3	7
193	4	7
193	5	7
193	6	7
193	7	7
193	8	7
193	9	7
193	10	1
193	11	1
193	12	1
193	13	1
193	14	1
193	15	1
193	16	1
193	17	1
193	18	1
193	19	1
193	20	1
193	21	1
193	22	1
193	23	1
193	24	1
194	1	7
194	2	7
194	3	7
194	4	7
194	5	7
194	6	7
194	7	7
194	8	7
194	9	7
194	10	7
194	11	7
194	12	7
194	13	7
194	14	7
194	15	1
194	16	1
194	17	1
194	18	1
194	19	1
194	20	1
194	21	1
194	22	1
194	23	1
194	24	1
195	1	7
195	2	7
195	3	7
195	4	7
195	5	7
195	6	7
195	7	7
195	8	7
195	9	7
195	10	7
195	11	7
195	12	7
195	13	7
195	14	7
195	15	1
195	16	1
195	17	1
195	18	1
195	19	1
195	20	1
195	21	1
195	22	1
195	23	1
195	24	1
196	1	7
196	2	7
196	3	7
196	4	7
196	5	7
196	6	7
196	7	7
196	8	7
196	9	7
196	10	7
196	11	7
196	12	7
196	13	7
196	14	7
196	15	1
196	16	1
196	17	1
196	18	1
196	19	1
196	20	1
196	21	1
196	22	1
196	23	1
196	24	1
197	1	7
197	2	7
197	3	7
197	4	7
197	5	7
197	6	7
197	7	7
197	8	7
197	9	7
197	10	7
197	11	7
197	12	5
197	13	5
197	14	5
197	15	1
197	16	1
197	17	1
197	18	1
197	19	1
197	20	1
197	21	1
197	22	1
197	23	1
197	24	1
198	1	7
198	2	7
198	3	7
198	4	7
198	5	7
198	6	7
198	7	7
198	8	7
198	9	7
198	10	7
198	11	7
198	12	7
198	13	7
198	14	7
198	15	1
198	16	1
198	17	1
198	18	1
198	19	1
198	20	1
198	21	1
198	22	1
198	23	1
198	24	1
199	1	7
199	2	7
199	3	7
199	4	7
199	5	7
199	6	7
199	7	7
199	8	7
199	9	7
199	10	7
199	11	7
199	12	7
199	13	7
199	14	7
199	15	1
199	16	1
199	17	1
199	18	1
199	19	1
199	20	1
199	21	1
199	22	1
199	23	1
199	24	1
200	1	7
200	2	7
200	3	7
200	4	7
200	5	7
200	6	7
200	7	7
200	8	7
200	9	7
200	10	7
200	11	7
200	12	7
200	13	7
200	14	7
200	15	1
200	16	1
200	17	1
200	18	1
200	19	1
200	20	1
200	21	1
200	22	1
200	23	1
200	24	1
201	1	7
201	2	7
201	3	7
201	4	7
201	5	7
201	6	7
201	7	7
201	8	7
201	9	7
201	10	7
201	11	7
201	12	7
201	13	7
201	14	7
201	15	7
201	16	1
201	17	1
201	18	1
201	19	1
201	20	1
201	21	1
201	22	1
201	23	1
201	24	1
202	1	7
202	2	7
202	3	7
202	4	7
202	5	7
202	6	7
202	7	7
202	8	7
202	9	7
202	10	7
202	11	7
202	12	7
202	13	7
202	14	7
202	15	7
202	16	1
202	17	1
202	18	1
202	19	1
202	20	1
202	21	1
202	22	1
202	23	1
202	24	1
203	1	7
203	2	7
203	3	7
203	4	7
203	5	7
203	6	7
203	7	7
203	8	7
203	9	7
203	10	7
203	11	7
203	12	7
203	13	7
203	14	7
203	15	7
203	16	1
203	17	1
203	18	1
203	19	1
203	20	1
203	21	1
203	22	1
203	23	1
203	24	1
204	1	7
204	2	7
204	3	7
204	4	7
204	5	7
204	6	7
204	7	7
204	8	7
204	9	7
204	10	7
204	11	7
204	12	7
204	13	7
204	14	7
204	15	7
204	16	1
204	17	1
204	18	1
204	19	1
204	20	1
204	21	1
204	22	1
204	23	1
204	24	1
205	1	7
205	2	7
205	3	7
205	4	7
205	5	7
205	6	7
205	7	7
205	8	7
205	9	7
205	10	7
205	11	7
205	12	7
205	13	7
205	14	7
205	15	7
205	16	1
205	17	1
205	18	1
205	19	1
205	20	1
205	21	1
205	22	1
205	23	1
205	24	1
206	1	7
206	2	7
206	3	7
206	4	7
206	5	7
206	6	7
206	7	7
206	8	7
206	9	2
206	10	1
206	11	1
206	12	1
206	13	1
206	14	2
206	15	1
206	16	1
206	17	1
206	18	1
206	19	1
206	20	1
206	21	1
206	22	1
206	23	1
206	24	1
207	1	7
207	2	7
207	3	7
207	4	7
207	5	7
207	6	7
207	7	7
207	8	7
207	9	7
207	10	7
207	11	7
207	12	7
207	13	7
207	14	7
207	15	1
207	16	1
207	17	1
207	18	1
207	19	1
207	20	1
207	21	1
207	22	1
207	23	1
207	24	1
208	1	7
208	2	7
208	3	7
208	4	7
208	5	7
208	6	7
208	7	7
208	8	7
208	9	7
208	10	7
208	11	7
208	12	7
208	13	7
208	14	7
208	15	1
208	16	1
208	17	1
208	18	1
208	19	1
208	20	1
208	21	1
208	22	1
208	23	1
208	24	1
209	1	7
209	2	7
209	3	7
209	4	7
209	5	7
209	6	7
209	7	7
209	8	7
209	9	7
209	10	7
209	11	7
209	12	7
209	13	7
209	14	7
209	15	1
209	16	1
209	17	1
209	18	1
209	19	1
209	20	1
209	21	1
209	22	1
209	23	1
209	24	1
210	1	7
210	2	7
210	3	7
210	4	7
210	5	7
210	6	7
210	7	7
210	8	7
210	9	7
210	10	7
210	11	7
210	12	7
210	13	7
210	14	5
210	15	1
210	16	1
210	17	1
210	18	1
210	19	1
210	20	1
210	21	1
210	22	1
210	23	1
210	24	1
211	1	7
211	2	7
211	3	7
211	4	7
211	5	7
211	6	7
211	7	7
211	8	7
211	9	7
211	10	7
211	11	7
211	12	7
211	13	7
211	14	7
211	15	1
211	16	1
211	17	1
211	18	1
211	19	1
211	20	1
211	21	1
211	22	1
211	23	1
211	24	1
212	1	7
212	2	7
212	3	7
212	4	7
212	5	7
212	6	7
212	7	7
212	8	7
212	9	7
212	10	7
212	11	7
212	12	7
212	13	7
212	14	7
212	15	1
212	16	1
212	17	1
212	18	1
212	19	1
212	20	1
212	21	1
212	22	1
212	23	1
212	24	1
213	1	7
213	2	7
213	3	7
213	4	7
213	5	7
213	6	7
213	7	7
213	8	7
213	9	7
213	10	7
213	11	7
213	12	7
213	13	7
213	14	7
213	15	1
213	16	1
213	17	1
213	18	1
213	19	1
213	20	1
213	21	1
213	22	1
213	23	1
213	24	1
214	1	7
214	2	7
214	3	7
214	4	7
214	5	7
214	6	7
214	7	7
214	8	7
214	9	7
214	10	7
214	11	7
214	12	7
214	13	7
214	14	7
214	15	1
214	16	1
214	17	1
214	18	1
214	19	1
214	20	1
214	21	1
214	22	1
214	23	1
214	24	1
215	1	1
215	2	7
215	3	1
215	4	1
215	5	7
215	6	7
215	7	7
215	8	1
215	9	1
215	10	1
215	11	7
215	12	7
215	13	7
215	14	1
215	15	1
215	16	1
215	17	1
215	18	1
215	19	1
215	20	1
215	21	1
215	22	1
215	23	1
215	24	1
216	1	1
216	2	7
216	3	1
216	4	1
216	5	7
216	6	7
216	7	7
216	8	1
216	9	1
216	10	1
216	11	7
216	12	7
216	13	7
216	14	1
216	15	1
216	16	1
216	17	1
216	18	1
216	19	1
216	20	1
216	21	1
216	22	1
216	23	1
216	24	1
217	1	1
217	2	7
217	3	1
217	4	1
217	5	7
217	6	7
217	7	7
217	8	1
217	9	1
217	10	1
217	11	7
217	12	7
217	13	7
217	14	1
217	15	1
217	16	1
217	17	1
217	18	1
217	19	1
217	20	1
217	21	1
217	22	1
217	23	1
217	24	1
218	1	1
218	2	7
218	3	1
218	4	1
218	5	7
218	6	7
218	7	7
218	8	1
218	9	1
218	10	1
218	11	7
218	12	7
218	13	7
218	14	1
218	15	1
218	16	1
218	17	1
218	18	1
218	19	1
218	20	1
218	21	1
218	22	1
218	23	1
218	24	1
219	1	7
219	2	7
219	3	7
219	4	7
219	5	7
219	6	7
219	7	7
219	8	7
219	9	7
219	10	7
219	11	7
219	12	7
219	13	7
219	14	7
219	15	1
219	16	1
219	17	1
219	18	1
219	19	1
219	20	1
219	21	1
219	22	1
219	23	1
219	24	1
220	1	7
220	2	7
220	3	7
220	4	7
220	5	7
220	6	7
220	7	7
220	8	7
220	9	7
220	10	7
220	11	7
220	12	7
220	13	7
220	14	7
220	15	1
220	16	1
220	17	1
220	18	1
220	19	1
220	20	1
220	21	1
220	22	1
220	23	1
220	24	1
221	1	7
221	2	7
221	3	7
221	4	7
221	5	7
221	6	7
221	7	7
221	8	7
221	9	7
221	10	7
221	11	7
221	12	7
221	13	7
221	14	7
221	15	7
221	16	1
221	17	1
221	18	1
221	19	1
221	20	1
221	21	1
221	22	1
221	23	1
221	24	1
222	1	7
222	2	7
222	3	7
222	4	7
222	5	7
222	6	7
222	7	7
222	8	7
222	9	7
222	10	7
222	11	7
222	12	7
222	13	7
222	14	7
222	15	7
222	16	1
222	17	1
222	18	1
222	19	1
222	20	1
222	21	1
222	22	1
222	23	1
222	24	1
223	1	7
223	2	7
223	3	7
223	4	7
223	5	7
223	6	7
223	7	7
223	8	7
223	9	7
223	10	7
223	11	7
223	12	7
223	13	7
223	14	7
223	15	7
223	16	1
223	17	1
223	18	1
223	19	1
223	20	1
223	21	1
223	22	1
223	23	1
223	24	1
224	1	7
224	2	7
224	3	7
224	4	7
224	5	7
224	6	7
224	7	7
224	8	7
224	9	7
224	10	7
224	11	7
224	12	7
224	13	7
224	14	7
224	15	7
224	16	1
224	17	1
224	18	1
224	19	1
224	20	1
224	21	1
224	22	1
224	23	1
224	24	1
225	1	7
225	2	7
225	3	7
225	4	7
225	5	7
225	6	7
225	7	7
225	8	7
225	9	7
225	10	7
225	11	7
225	12	7
225	13	7
225	14	7
225	15	7
225	16	1
225	17	1
225	18	1
225	19	1
225	20	1
225	21	1
225	22	1
225	23	1
225	24	1
226	1	7
226	2	7
226	3	7
226	4	7
226	5	7
226	6	7
226	7	7
226	8	7
226	9	7
226	10	7
226	11	7
226	12	7
226	13	7
226	14	7
226	15	7
226	16	1
226	17	1
226	18	1
226	19	1
226	20	1
226	21	1
226	22	1
226	23	1
226	24	1
227	1	7
227	2	7
227	3	7
227	4	7
227	5	7
227	6	7
227	7	7
227	8	7
227	9	7
227	10	7
227	11	7
227	12	7
227	13	7
227	14	7
227	15	7
227	16	1
227	17	1
227	18	1
227	19	1
227	20	1
227	21	1
227	22	1
227	23	1
227	24	1
228	1	7
228	2	7
228	3	7
228	4	7
228	5	7
228	6	7
228	7	7
228	8	7
228	9	7
228	10	7
228	11	7
228	12	7
228	13	7
228	14	7
228	15	7
228	16	1
228	17	1
228	18	1
228	19	1
228	20	1
228	21	1
228	22	1
228	23	1
228	24	1
229	1	7
229	2	7
229	3	7
229	4	7
229	5	7
229	6	7
229	7	7
229	8	7
229	9	7
229	10	7
229	11	7
229	12	7
229	13	7
229	14	7
229	15	7
229	16	1
229	17	1
229	18	1
229	19	1
229	20	1
229	21	1
229	22	1
229	23	1
229	24	1
230	1	7
230	2	7
230	3	7
230	4	7
230	5	7
230	6	7
230	7	7
230	8	7
230	9	7
230	10	7
230	11	7
230	12	7
230	13	7
230	14	7
230	15	7
230	16	1
230	17	1
230	18	1
230	19	1
230	20	1
230	21	1
230	22	1
230	23	1
230	24	1
231	1	7
231	2	7
231	3	7
231	4	7
231	5	7
231	6	7
231	7	7
231	8	7
231	9	7
231	10	7
231	11	7
231	12	7
231	13	7
231	14	7
231	15	7
231	16	1
231	17	1
231	18	1
231	19	1
231	20	1
231	21	1
231	22	1
231	23	1
231	24	1
232	1	7
232	2	7
232	3	7
232	4	7
232	5	7
232	6	7
232	7	7
232	8	7
232	9	7
232	10	7
232	11	7
232	12	7
232	13	7
232	14	7
232	15	7
232	16	1
232	17	1
232	18	1
232	19	1
232	20	1
232	21	1
232	22	1
232	23	1
232	24	1
233	1	7
233	2	7
233	3	7
233	4	7
233	5	7
233	6	7
233	7	7
233	8	7
233	9	7
233	10	7
233	11	7
233	12	7
233	13	7
233	14	7
233	15	7
233	16	1
233	17	1
233	18	1
233	19	1
233	20	1
233	21	1
233	22	1
233	23	1
233	24	1
234	1	7
234	2	7
234	3	7
234	4	7
234	5	7
234	6	7
234	7	7
234	8	7
234	9	7
234	10	7
234	11	7
234	12	7
234	13	7
234	14	7
234	15	7
234	16	1
234	17	1
234	18	1
234	19	1
234	20	1
234	21	1
234	22	1
234	23	1
234	24	1
235	1	7
235	2	7
235	3	7
235	4	7
235	5	7
235	6	7
235	7	7
235	8	7
235	9	7
235	10	7
235	11	7
235	12	7
235	13	7
235	14	7
235	15	1
235	16	1
235	17	1
235	18	1
235	19	1
235	20	1
235	21	1
235	22	1
235	23	1
235	24	1
236	1	7
236	2	7
236	3	7
236	4	7
236	5	7
236	6	7
236	7	7
236	8	7
236	9	7
236	10	7
236	11	7
236	12	7
236	13	7
236	14	7
236	15	1
236	16	1
236	17	1
236	18	1
236	19	1
236	20	1
236	21	1
236	22	1
236	23	1
236	24	1
237	1	7
237	2	7
237	3	7
237	4	7
237	5	7
237	6	7
237	7	7
237	8	7
237	9	7
237	10	7
237	11	7
237	12	7
237	13	1
237	14	2
237	15	1
237	16	1
237	17	1
237	18	1
237	19	1
237	20	1
237	21	1
237	22	1
237	23	1
237	24	1
238	1	7
238	2	7
238	3	7
238	4	7
238	5	7
238	6	7
238	7	7
238	8	7
238	9	7
238	10	7
238	11	7
238	12	7
238	13	7
238	14	5
238	15	1
238	16	1
238	17	1
238	18	1
238	19	1
238	20	1
238	21	1
238	22	1
238	23	1
238	24	1
239	1	2
239	2	2
239	3	2
239	4	2
239	5	2
239	6	2
239	7	2
239	8	2
239	9	2
239	10	2
239	11	2
239	12	2
239	13	2
239	14	7
239	15	1
239	16	1
239	17	1
239	18	1
239	19	1
239	20	1
239	21	1
239	22	1
239	23	1
239	24	1
240	1	7
240	2	7
240	3	7
240	4	7
240	5	7
240	6	7
240	7	7
240	8	7
240	9	7
240	10	7
240	11	7
240	12	7
240	13	7
240	14	7
240	15	7
240	16	1
240	17	1
240	18	1
240	19	1
240	20	1
240	21	1
240	22	1
240	23	1
240	24	1
241	1	7
241	2	7
241	3	7
241	4	7
241	5	7
241	6	7
241	7	7
241	8	7
241	9	7
241	10	7
241	11	7
241	12	7
241	13	7
241	14	7
241	15	7
241	16	1
241	17	1
241	18	1
241	19	1
241	20	1
241	21	1
241	22	1
241	23	1
241	24	1
242	1	7
242	2	7
242	3	7
242	4	7
242	5	7
242	6	7
242	7	7
242	8	7
242	9	7
242	10	7
242	11	7
242	12	7
242	13	7
242	14	7
242	15	7
242	16	1
242	17	1
242	18	1
242	19	1
242	20	1
242	21	1
242	22	1
242	23	1
242	24	1
243	1	7
243	2	7
243	3	7
243	4	7
243	5	7
243	6	7
243	7	7
243	8	7
243	9	7
243	10	7
243	11	7
243	12	7
243	13	7
243	14	7
243	15	7
243	16	1
243	17	1
243	18	1
243	19	1
243	20	1
243	21	1
243	22	1
243	23	1
243	24	1
244	1	2
244	2	2
244	3	2
244	4	2
244	5	2
244	6	2
244	7	2
244	8	2
244	9	2
244	10	2
244	11	2
244	12	2
244	13	2
244	14	2
244	15	1
244	16	1
244	17	1
244	18	1
244	19	1
244	20	1
244	21	1
244	22	1
244	23	1
244	24	1
245	1	2
245	2	2
245	3	2
245	4	2
245	5	2
245	6	2
245	7	2
245	8	1
245	9	2
245	10	2
245	11	2
245	12	2
245	13	2
245	14	2
245	15	1
245	16	1
245	17	1
245	18	1
245	19	1
245	20	1
245	21	1
245	22	1
245	23	1
245	24	1
246	1	7
246	2	7
246	3	7
246	4	7
246	5	7
246	6	7
246	7	7
246	8	1
246	9	7
246	10	7
246	11	7
246	12	7
246	13	7
246	14	7
246	15	1
246	16	1
246	17	1
246	18	1
246	19	1
246	20	1
246	21	1
246	22	1
246	23	1
246	24	1
247	1	7
247	2	7
247	3	7
247	4	7
247	5	7
247	6	7
247	7	7
247	8	1
247	9	7
247	10	7
247	11	7
247	12	7
247	13	7
247	14	7
247	15	1
247	16	1
247	17	1
247	18	1
247	19	1
247	20	1
247	21	1
247	22	1
247	23	1
247	24	1
248	1	7
248	2	7
248	3	7
248	4	7
248	5	7
248	6	7
248	7	7
248	8	1
248	9	7
248	10	7
248	11	7
248	12	7
248	13	7
248	14	7
248	15	1
248	16	1
248	17	1
248	18	1
248	19	1
248	20	1
248	21	1
248	22	1
248	23	1
248	24	1
249	1	7
249	2	7
249	3	7
249	4	7
249	5	7
249	6	7
249	7	7
249	8	1
249	9	7
249	10	7
249	11	7
249	12	7
249	13	7
249	14	7
249	15	1
249	16	1
249	17	1
249	18	1
249	19	1
249	20	1
249	21	1
249	22	1
249	23	1
249	24	1
250	1	1
250	2	1
250	3	1
250	4	1
250	5	1
250	6	1
250	7	1
250	8	1
250	9	1
250	10	1
250	11	1
250	12	1
250	13	1
250	14	1
250	15	1
250	16	1
250	17	1
250	18	1
250	19	1
250	20	1
250	21	1
250	22	1
250	23	1
250	24	1
251	1	7
251	2	7
251	3	7
251	4	7
251	5	7
251	6	7
251	7	7
251	8	1
251	9	7
251	10	7
251	11	7
251	12	7
251	13	2
251	14	2
251	15	1
251	16	1
251	17	1
251	18	1
251	19	1
251	20	1
251	21	1
251	22	1
251	23	1
251	24	1
252	1	7
252	2	7
252	3	7
252	4	7
252	5	7
252	6	7
252	7	7
252	8	1
252	9	7
252	10	7
252	11	7
252	12	7
252	13	7
252	14	7
252	15	1
252	16	1
252	17	1
252	18	1
252	19	1
252	20	1
252	21	1
252	22	1
252	23	1
252	24	1
253	1	7
253	2	7
253	3	7
253	4	7
253	5	7
253	6	7
253	7	7
253	8	1
253	9	7
253	10	7
253	11	7
253	12	7
253	13	7
253	14	7
253	15	1
253	16	1
253	17	1
253	18	1
253	19	1
253	20	1
253	21	1
253	22	1
253	23	1
253	24	1
254	1	7
254	2	7
254	3	7
254	4	7
254	5	7
254	6	7
254	7	7
254	8	1
254	9	7
254	10	7
254	11	7
254	12	7
254	13	7
254	14	7
254	15	1
254	16	1
254	17	1
254	18	1
254	19	1
254	20	1
254	21	1
254	22	1
254	23	1
254	24	1
255	1	7
255	2	7
255	3	7
255	4	7
255	5	7
255	6	7
255	7	7
255	8	1
255	9	7
255	10	7
255	11	7
255	12	7
255	13	7
255	14	7
255	15	1
255	16	1
255	17	1
255	18	1
255	19	1
255	20	1
255	21	1
255	22	1
255	23	1
255	24	1
256	1	7
256	2	7
256	3	7
256	4	7
256	5	7
256	6	7
256	7	7
256	8	1
256	9	7
256	10	7
256	11	7
256	12	7
256	13	7
256	14	7
256	15	1
256	16	1
256	17	1
256	18	1
256	19	1
256	20	1
256	21	1
256	22	1
256	23	1
256	24	1
257	1	7
257	2	7
257	3	7
257	4	7
257	5	7
257	6	7
257	7	7
257	8	1
257	9	7
257	10	7
257	11	7
257	12	5
257	13	5
257	14	5
257	15	1
257	16	1
257	17	1
257	18	1
257	19	1
257	20	1
257	21	1
257	22	1
257	23	1
257	24	1
258	1	7
258	2	7
258	3	7
258	4	7
258	5	7
258	6	7
258	7	7
258	8	1
258	9	7
258	10	7
258	11	7
258	12	7
258	13	7
258	14	7
258	15	1
258	16	1
258	17	1
258	18	1
258	19	1
258	20	1
258	21	1
258	22	1
258	23	1
258	24	1
259	1	7
259	2	7
259	3	7
259	4	7
259	5	7
259	6	7
259	7	7
259	8	1
259	9	7
259	10	7
259	11	7
259	12	7
259	13	7
259	14	7
259	15	1
259	16	1
259	17	1
259	18	1
259	19	1
259	20	1
259	21	1
259	22	1
259	23	1
259	24	1
260	1	7
260	2	7
260	3	7
260	4	7
260	5	7
260	6	7
260	7	7
260	8	1
260	9	7
260	10	7
260	11	7
260	12	7
260	13	7
260	14	7
260	15	1
260	16	1
260	17	1
260	18	1
260	19	1
260	20	1
260	21	1
260	22	1
260	23	1
260	24	1
261	1	7
261	2	7
261	3	7
261	4	7
261	5	7
261	6	7
261	7	7
261	8	1
261	9	7
261	10	7
261	11	7
261	12	7
261	13	7
261	14	7
261	15	1
261	16	1
261	17	1
261	18	1
261	19	1
261	20	1
261	21	1
261	22	1
261	23	1
261	24	1
262	1	7
262	2	7
262	3	7
262	4	7
262	5	7
262	6	7
262	7	7
262	8	1
262	9	7
262	10	7
262	11	7
262	12	7
262	13	7
262	14	7
262	15	1
262	16	1
262	17	1
262	18	1
262	19	1
262	20	1
262	21	1
262	22	1
262	23	1
262	24	1
263	1	7
263	2	7
263	3	7
263	4	7
263	5	7
263	6	7
263	7	7
263	8	1
263	9	7
263	10	7
263	11	7
263	12	7
263	13	7
263	14	7
263	15	1
263	16	1
263	17	1
263	18	1
263	19	1
263	20	1
263	21	1
263	22	1
263	23	1
263	24	1
264	1	7
264	2	7
264	3	7
264	4	7
264	5	7
264	6	7
264	7	7
264	8	1
264	9	7
264	10	7
264	11	7
264	12	7
264	13	7
264	14	7
264	15	1
264	16	1
264	17	1
264	18	1
264	19	1
264	20	1
264	21	1
264	22	1
264	23	1
264	24	1
265	1	7
265	2	7
265	3	7
265	4	7
265	5	7
265	6	7
265	7	7
265	8	1
265	9	7
265	10	7
265	11	7
265	12	7
265	13	7
265	14	7
265	15	1
265	16	1
265	17	1
265	18	1
265	19	1
265	20	1
265	21	1
265	22	1
265	23	1
265	24	1
266	1	7
266	2	7
266	3	7
266	4	7
266	5	7
266	6	7
266	7	7
266	8	7
266	9	7
266	10	7
266	11	7
266	12	7
266	13	7
266	14	7
266	15	1
266	16	1
266	17	1
266	18	1
266	19	1
266	20	1
266	21	1
266	22	1
266	23	1
266	24	1
267	1	7
267	2	7
267	3	7
267	4	7
267	5	7
267	6	7
267	7	7
267	8	7
267	9	7
267	10	7
267	11	7
267	12	7
267	13	7
267	14	7
267	15	1
267	16	1
267	17	1
267	18	1
267	19	1
267	20	1
267	21	1
267	22	1
267	23	1
267	24	1
268	1	7
268	2	7
268	3	7
268	4	7
268	5	7
268	6	7
268	7	7
268	8	7
268	9	7
268	10	7
268	11	7
268	12	5
268	13	5
268	14	5
268	15	1
268	16	1
268	17	1
268	18	1
268	19	1
268	20	1
268	21	1
268	22	1
268	23	1
268	24	1
269	1	7
269	2	7
269	3	7
269	4	7
269	5	7
269	6	7
269	7	7
269	8	7
269	9	7
269	10	7
269	11	7
269	12	7
269	13	7
269	14	7
269	15	1
269	16	1
269	17	1
269	18	1
269	19	1
269	20	1
269	21	1
269	22	1
269	23	1
269	24	1
270	1	7
270	2	7
270	3	7
270	4	7
270	5	7
270	6	7
270	7	7
270	8	7
270	9	7
270	10	7
270	11	7
270	12	7
270	13	7
270	14	7
270	15	1
270	16	1
270	17	1
270	18	1
270	19	1
270	20	1
270	21	1
270	22	1
270	23	1
270	24	1
271	1	7
271	2	7
271	3	7
271	4	7
271	5	7
271	6	5
271	7	7
271	8	7
271	9	7
271	10	7
271	11	5
271	12	7
271	13	7
271	14	7
271	15	1
271	16	1
271	17	1
271	18	1
271	19	1
271	20	1
271	21	1
271	22	1
271	23	1
271	24	1
272	1	7
272	2	7
272	3	7
272	4	7
272	5	7
272	6	7
272	7	7
272	8	7
272	9	7
272	10	7
272	11	7
272	12	7
272	13	7
272	14	7
272	15	1
272	16	1
272	17	1
272	18	1
272	19	1
272	20	1
272	21	1
272	22	1
272	23	1
272	24	1
273	1	7
273	2	7
273	3	7
273	4	7
273	5	7
273	6	7
273	7	7
273	8	7
273	9	7
273	10	7
273	11	7
273	12	7
273	13	7
273	14	7
273	15	1
273	16	1
273	17	1
273	18	1
273	19	1
273	20	1
273	21	1
273	22	1
273	23	1
273	24	1
274	1	7
274	2	7
274	3	7
274	4	7
274	5	7
274	6	7
274	7	7
274	8	7
274	9	7
274	10	7
274	11	7
274	12	7
274	13	7
274	14	7
274	15	1
274	16	1
274	17	1
274	18	1
274	19	1
274	20	1
274	21	1
274	22	1
274	23	1
274	24	1
275	1	7
275	2	7
275	3	7
275	4	7
275	5	7
275	6	7
275	7	7
275	8	7
275	9	7
275	10	7
275	11	7
275	12	7
275	13	7
275	14	7
275	15	1
275	16	1
275	17	1
275	18	1
275	19	1
275	20	1
275	21	1
275	22	1
275	23	1
275	24	1
276	1	7
276	2	7
276	3	7
276	4	7
276	5	7
276	6	7
276	7	7
276	8	7
276	9	7
276	10	7
276	11	2
276	12	1
276	13	2
276	14	2
276	15	1
276	16	1
276	17	1
276	18	1
276	19	1
276	20	1
276	21	1
276	22	1
276	23	1
276	24	1
277	1	7
277	2	7
277	3	7
277	4	7
277	5	7
277	6	7
277	7	7
277	8	7
277	9	7
277	10	7
277	11	7
277	12	7
277	13	7
277	14	7
277	15	1
277	16	1
277	17	1
277	18	1
277	19	1
277	20	1
277	21	1
277	22	1
277	23	1
277	24	1
278	1	7
278	2	7
278	3	7
278	4	7
278	5	7
278	6	7
278	7	7
278	8	7
278	9	7
278	10	7
278	11	7
278	12	5
278	13	7
278	14	7
278	15	1
278	16	1
278	17	1
278	18	1
278	19	1
278	20	1
278	21	1
278	22	1
278	23	1
278	24	1
279	1	7
279	2	7
279	3	7
279	4	7
279	5	7
279	6	7
279	7	7
279	8	7
279	9	7
279	10	7
279	11	7
279	12	7
279	13	7
279	14	7
279	15	1
279	16	1
279	17	1
279	18	1
279	19	1
279	20	1
279	21	1
279	22	1
279	23	1
279	24	1
280	1	7
280	2	7
280	3	7
280	4	7
280	5	7
280	6	7
280	7	7
280	8	7
280	9	7
280	10	7
280	11	7
280	12	7
280	13	7
280	14	7
280	15	1
280	16	1
280	17	1
280	18	1
280	19	1
280	20	1
280	21	1
280	22	1
280	23	1
280	24	1
281	1	7
281	2	7
281	3	7
281	4	7
281	5	7
281	6	7
281	7	7
281	8	7
281	9	7
281	10	7
281	11	7
281	12	7
281	13	7
281	14	7
281	15	7
281	16	1
281	17	1
281	18	1
281	19	1
281	20	1
281	21	1
281	22	1
281	23	1
281	24	1
282	1	7
282	2	7
282	3	7
282	4	7
282	5	7
282	6	7
282	7	7
282	8	7
282	9	7
282	10	7
282	11	7
282	12	7
282	13	7
282	14	7
282	15	7
282	16	1
282	17	1
282	18	1
282	19	1
282	20	1
282	21	1
282	22	1
282	23	1
282	24	1
283	1	7
283	2	7
283	3	7
283	4	7
283	5	7
283	6	7
283	7	7
283	8	7
283	9	7
283	10	7
283	11	7
283	12	7
283	13	7
283	14	7
283	15	1
283	16	1
283	17	1
283	18	1
283	19	1
283	20	1
283	21	1
283	22	1
283	23	1
283	24	1
284	1	7
284	2	7
284	3	7
284	4	7
284	5	7
284	6	7
284	7	7
284	8	7
284	9	7
284	10	7
284	11	7
284	12	7
284	13	7
284	14	7
284	15	1
284	16	1
284	17	1
284	18	1
284	19	1
284	20	1
284	21	1
284	22	1
284	23	1
284	24	1
285	1	7
285	2	7
285	3	7
285	4	7
285	5	7
285	6	7
285	7	7
285	8	7
285	9	7
285	10	7
285	11	7
285	12	7
285	13	7
285	14	7
285	15	1
285	16	1
285	17	1
285	18	1
285	19	1
285	20	1
285	21	1
285	22	1
285	23	1
285	24	1
286	1	7
286	2	7
286	3	7
286	4	7
286	5	7
286	6	7
286	7	7
286	8	7
286	9	7
286	10	7
286	11	7
286	12	7
286	13	7
286	14	7
286	15	1
286	16	1
286	17	1
286	18	1
286	19	1
286	20	1
286	21	1
286	22	1
286	23	1
286	24	1
287	1	7
287	2	7
287	3	7
287	4	7
287	5	7
287	6	7
287	7	7
287	8	7
287	9	7
287	10	7
287	11	7
287	12	7
287	13	7
287	14	7
287	15	1
287	16	1
287	17	1
287	18	1
287	19	1
287	20	1
287	21	1
287	22	1
287	23	1
287	24	1
